
-2.60605e-67 7.76546e-67 -1.65107e-66 -4.76271e-67 -8.28342e-68 7.54769e-68 1.16493e-67 1.56162e-67 2.33237e-67 2.18353e-67 -2.69602e-67 -3.86168e-67 -1.43372e-67 6.54282e-68 3.22476e-67 1.53371e-67 2.02116e-67 2.32456e-67 3.34035e-68 8.40402e-68 1.26874e-67 -1.16517e-68 
-2.60605e-67 7.76546e-67 -1.65107e-66 -4.76271e-67 -8.28342e-68 7.54769e-68 1.16493e-67 1.56162e-67 2.33237e-67 2.18353e-67 -2.69602e-67 -3.86168e-67 -1.43372e-67 6.54282e-68 3.22476e-67 1.53371e-67 2.02116e-67 2.32456e-67 3.34035e-68 8.40402e-68 1.26874e-67 -1.16517e-68 
1.54206e-67 7.0817e-68 -6.13936e-67 -3.6981e-67 -2.02218e-67 -9.40945e-68 -7.94359e-68 -5.17018e-68 -3.64507e-68 -3.45167e-68 -5.94042e-68 -9.54613e-68 6.20651e-68 2.54932e-67 4.69563e-67 5.18483e-67 4.7786e-67 4.20347e-67 3.68624e-67 2.92512e-67 1.93856e-67 1.07005e-67 
-2.86427e-68 -9.40969e-68 -3.35551e-67 -3.36987e-67 -2.89972e-67 -2.25406e-67 -1.71806e-67 -1.11869e-67 -6.77978e-68 -4.16522e-68 -2.10977e-68 3.55492e-69 1.0799e-67 2.46631e-67 3.6801e-67 4.10787e-67 4.0006e-67 3.63417e-67 3.20868e-67 2.57983e-67 1.75727e-67 9.55067e-68 
-5.34232e-68 -1.09499e-67 -2.03848e-67 -2.28783e-67 -2.10348e-67 -1.61539e-67 -1.03864e-67 -5.67606e-68 -3.08428e-68 -1.67911e-68 -9.00658e-69 3.59821e-69 4.81748e-68 1.11771e-67 1.6959e-67 1.97195e-67 1.98478e-67 1.81654e-67 1.62233e-67 1.34086e-67 9.40667e-68 5.23362e-68 
-2.30137e-68 -4.35704e-68 -6.36423e-68 -5.52421e-68 -2.07459e-68 2.76375e-68 6.18194e-68 7.33095e-68 6.14293e-68 3.45789e-68 1.7174e-69 -3.13469e-68 -5.28758e-68 -6.25934e-68 -6.38637e-68 -6.56622e-68 -6.40329e-68 -5.19348e-68 -3.46679e-68 -2.00091e-68 -1.08916e-68 1.06023e-69 
1.68511e-68 4.24802e-68 7.52532e-68 1.20245e-67 1.71862e-67 2.15167e-67 2.3171e-67 2.12132e-67 1.59487e-67 8.80459e-68 1.31316e-68 -6.45453e-68 -1.44541e-67 -2.14501e-67 -2.63825e-67 -2.876e-67 -2.85508e-67 -2.59767e-67 -2.16024e-67 -1.633e-67 -1.0708e-67 -4.64058e-68 
3.82171e-68 1.00094e-67 1.69495e-67 2.40458e-67 3.02182e-67 3.36075e-67 3.21116e-67 2.60915e-67 1.76326e-67 8.95037e-68 1.3011e-68 -6.7308e-68 -1.6567e-67 -2.68986e-67 -3.60255e-67 -4.20732e-67 -4.35878e-67 -4.05395e-67 -3.43243e-67 -2.61314e-67 -1.68435e-67 -7.27795e-68 

