
1.02499e-62 -5.89279e-62 -9.94113e-62 -5.07462e-62 -3.3121e-62 -1.32843e-62 -6.95701e-63 -8.65604e-64 1.03457e-62 4.38287e-62 2.00822e-62 -2.29012e-62 -2.75849e-62 -3.33589e-62 8.90322e-63 8.35262e-64 8.07514e-64 1.24249e-62 -2.14902e-63 1.3032e-63 1.17336e-62 8.19675e-63 
1.02499e-62 -5.89279e-62 -3.22793e-62 -9.94113e-62 -5.07462e-62 -3.3121e-62 -1.32843e-62 -6.95701e-63 -8.65604e-64 1.03457e-62 4.38287e-62 2.00822e-62 -2.29012e-62 -2.75849e-62 -3.33589e-62 8.90322e-63 8.35262e-64 8.07514e-64 1.24249e-62 -2.14902e-63 1.3032e-63 1.17336e-62 8.19675e-63 
-6.8293e-63 9.04266e-63 6.15012e-62 -2.24198e-62 -2.49619e-62 -2.27458e-62 -1.05961e-62 -4.35712e-63 4.18571e-63 9.37035e-63 1.18503e-62 1.24431e-62 -6.9892e-63 -1.39009e-62 -1.6513e-62 -2.17931e-63 4.02969e-63 2.79566e-63 -6.20308e-64 1.16924e-63 4.11027e-63 2.65605e-63 8.96036e-63 
3.27638e-63 3.57799e-63 1.66257e-62 -6.42086e-63 -1.39786e-62 -1.56595e-62 -9.63537e-63 -2.53971e-63 5.18492e-63 9.49692e-63 1.02192e-62 1.008e-62 3.33436e-63 -1.26134e-63 -2.44715e-63 1.0265e-63 1.36718e-63 -9.73696e-64 -4.01005e-63 -3.8192e-63 -2.35539e-63 -3.03586e-63 1.9468e-63 
1.39916e-63 -7.11592e-64 8.01774e-64 -6.51549e-63 -1.08973e-62 -1.14284e-62 -6.12299e-63 1.388e-63 8.07317e-63 1.12107e-62 1.15666e-62 1.16959e-62 1.01787e-62 7.8247e-63 5.50761e-63 3.83003e-63 6.64364e-64 -3.3748e-63 -6.79828e-63 -7.94043e-63 -7.7459e-63 -8.29317e-63 -4.31235e-63 
-2.1019e-63 -4.38689e-63 -5.38122e-63 -8.14986e-63 -9.68911e-63 -8.22937e-63 -2.34321e-63 4.47473e-63 9.77179e-63 1.21318e-62 1.20768e-62 1.25218e-62 1.30999e-62 1.19924e-62 9.29692e-63 5.63922e-63 7.48687e-64 -4.47721e-63 -8.07102e-63 -9.7851e-63 -1.03687e-62 -1.10284e-62 -7.74208e-63 
-3.60997e-63 -5.73445e-63 -6.69633e-63 -7.59957e-63 -7.42796e-63 -5.05835e-63 -1.03899e-64 5.22769e-63 8.99368e-63 1.03723e-62 9.92304e-63 1.03546e-62 1.16887e-62 1.13555e-62 9.21382e-63 5.52157e-63 8.55641e-64 -3.68434e-63 -6.93964e-63 -8.82461e-63 -9.77133e-63 -1.02454e-62 -7.81125e-63 
-2.50508e-63 -4.0551e-63 -4.54876e-63 -4.65115e-63 -4.04522e-63 -2.22117e-63 9.79863e-64 3.945e-63 5.54365e-63 5.69005e-63 5.01299e-63 5.26362e-63 6.44612e-63 6.77086e-63 5.98157e-63 3.96366e-63 9.92826e-64 -1.99754e-63 -4.07311e-63 -5.36938e-63 -6.08695e-63 -6.269e-63 -4.76977e-63 

