
0.254528 
0.254528 0.262858 
0.112571 0.271188 0.0434041 -0.028518 -0.0115137 -0.0432556 0.0594727 -0.667588 -0.163212 -0.291646 0.0181995 0.358072 -0.033709 0.138451 
-0.0663678 -0.10432 -0.18438 -0.028518 -0.0115137 -0.0432556 0.0594727 -0.0341376 -0.179932 -0.473605 -0.667588 -0.163212 -0.291646 0.0181995 0.358072 0.240528 0.180065 0.249504 0.300628 0.133693 -0.033709 0.138451 
-0.0800666 -0.13934 -0.183689 -0.149045 -0.113462 -0.0785713 -0.0694297 -0.127748 -0.179932 -0.279622 -0.359958 -0.227336 -0.145478 0.0135543 0.134244 0.122984 0.180065 0.249504 0.300628 0.301095 0.18457 0.146294 
-0.0878962 -0.151557 -0.191332 -0.189418 -0.159531 -0.122068 -0.107025 -0.12261 -0.151675 -0.192222 -0.211041 -0.168349 -0.0992367 -0.00728611 0.0697288 0.128386 0.201097 0.263424 0.297075 0.289817 0.227008 0.147644 
-0.0919314 -0.164659 -0.215338 -0.229935 -0.199958 -0.145948 -0.114236 -0.112789 -0.127367 -0.146067 -0.152042 -0.132585 -0.0928946 -0.0352724 0.0355056 0.125771 0.221253 0.282434 0.297076 0.272822 0.215676 0.133022 
-0.0691625 -0.134395 -0.19269 -0.220172 -0.200463 -0.139451 -0.0931977 -0.0876951 -0.100866 -0.117896 -0.128535 -0.12747 -0.114217 -0.0840158 -0.0240787 0.0759987 0.165956 0.218042 0.22295 0.190534 0.144351 0.0877075 
0.0128538 0.00800723 -0.0184108 -0.0445286 -0.0614682 -0.0588512 -0.0319886 -0.0453 -0.0704935 -0.0964149 -0.118542 -0.136006 -0.150126 -0.159902 -0.150618 -0.101153 -0.077895 -0.0572947 -0.0428986 -0.033877 -0.0257857 -0.0115557 
0.153235 0.248882 0.313786 0.321534 0.262609 0.155593 0.0733224 0.00644067 -0.0437345 -0.0812265 -0.111923 -0.141083 -0.177143 -0.237737 -0.321064 -0.403923 -0.47026 -0.461569 -0.414639 -0.371169 -0.307407 -0.203635 
0.258211 0.466615 0.601151 0.637093 0.55069 0.368089 0.153191 0.0361684 -0.0317959 -0.0734458 -0.0991161 -0.118597 -0.143482 -0.187462 -0.307947 -0.565758 -0.801368 -0.982803 -1.03047 -0.924746 -0.724252 -0.428486 

