
0.173234 -0.429217 0.112563 -0.138146 0.389794 0.698782 0.567916 -0.120382 0.113159 -0.10121 
0.173234 0.0939691 -0.0933334 0.142482 -0.394623 -0.429217 0.112563 0.054996 0.0712221 0.118179 -0.00123636 -0.138146 0.389794 0.698782 0.567916 0.197467 -0.120382 0.113159 -0.10121 
0.00706735 0.0147045 -0.0933334 0.142482 0.00440152 -0.222894 -0.259687 -0.360029 -0.162767 0.0159065 -0.00257073 0.0712221 0.118179 0.135673 0.107002 0.229734 0.267699 0.33841 0.144867 0.0830889 0.0938116 0.0487383 
-0.0199157 -0.0670795 -0.118864 -0.0949952 -0.133679 -0.222894 -0.159346 -0.160917 -0.0878784 -0.0183721 0.014353 0.0610985 0.0945751 0.124865 0.157838 0.223078 0.261743 0.271853 0.20156 0.144136 0.110989 0.0694613 
-0.0335486 -0.0716701 -0.106937 -0.12875 -0.162714 -0.192931 -0.172094 -0.136602 -0.078652 -0.0286781 0.00543636 0.0359658 0.06425 0.102611 0.147718 0.191922 0.215735 0.212698 0.174491 0.13039 0.0917723 0.0516198 
-0.0248761 -0.0480532 -0.074616 -0.103823 -0.135527 -0.155606 -0.138623 -0.100267 -0.055527 -0.0220818 -0.00215329 0.0113426 0.0268541 0.0536371 0.0781149 0.0951696 0.101757 0.0960121 0.0736649 0.0511289 0.034156 0.0191869 
0.00291763 0.00478355 0.00420393 -0.00386907 -0.0160584 -0.0207572 -0.0165466 -0.013065 -0.00455987 -0.000244968 -0.00405989 -0.0118751 -0.0186494 -0.0297138 -0.0510135 -0.0686586 -0.079695 -0.0862813 -0.0807222 -0.0665498 -0.0462265 -0.0249316 
0.0398528 0.0739325 0.105635 0.134612 0.154331 0.159256 0.140516 0.102416 0.0601693 0.024909 -0.00481271 -0.032686 -0.0687843 -0.129704 -0.192534 -0.237865 -0.258304 -0.255278 -0.231012 -0.188693 -0.134964 -0.074404 
0.0620731 0.130354 0.195064 0.250852 0.284675 0.278984 0.226965 0.147657 0.0685367 0.0137965 -0.0173896 -0.0464064 -0.0973676 -0.175786 -0.264804 -0.344441 -0.392078 -0.394427 -0.357359 -0.292216 -0.207027 -0.106682 

