
-0.000107207 0.000319453 -0.000679209 -0.000195927 -3.4076e-05 3.10494e-05 4.79224e-05 6.42413e-05 9.59483e-05 8.98252e-05 -0.000110908 -0.00015886 -5.89798e-05 2.69156e-05 0.000132659 6.30932e-05 8.31457e-05 9.56268e-05 1.37414e-05 3.45721e-05 5.21928e-05 -4.79325e-06 
-0.000107207 0.000319453 -0.000679209 -0.000195927 -3.4076e-05 3.10494e-05 4.79224e-05 6.42413e-05 9.59483e-05 8.98252e-05 -0.000110908 -0.00015886 -5.89798e-05 2.69156e-05 0.000132659 6.30932e-05 8.31457e-05 9.56268e-05 1.37414e-05 3.45721e-05 5.21928e-05 -4.79325e-06 
6.34365e-05 2.91324e-05 -0.000252559 -0.000152131 -8.31876e-05 -3.87082e-05 -3.2678e-05 -2.12689e-05 -1.4995e-05 -1.41993e-05 -2.44375e-05 -3.92705e-05 2.55321e-05 0.000104873 0.000193167 0.000213292 0.00019658 0.000172921 0.000151643 0.000120332 7.97479e-05 4.40194e-05 
-1.17829e-05 -3.87092e-05 -0.000138038 -0.000138628 -0.000119287 -9.27268e-05 -7.0677e-05 -4.60204e-05 -2.78904e-05 -1.71347e-05 -8.67911e-06 1.46241e-06 4.44246e-05 0.000101458 0.000151391 0.000168988 0.000164575 0.000149501 0.000131998 0.000106128 7.229e-05 3.92892e-05 
-2.1977e-05 -4.50452e-05 -8.38582e-05 -9.41158e-05 -8.65323e-05 -6.64532e-05 -4.27273e-05 -2.335e-05 -1.2688e-05 -6.90745e-06 -3.70509e-06 1.48022e-06 1.98179e-05 4.59799e-05 6.97654e-05 8.11212e-05 8.16493e-05 7.4728e-05 6.67386e-05 5.51597e-05 3.86968e-05 2.15299e-05 
-9.4673e-06 -1.79238e-05 -2.61809e-05 -2.27253e-05 -8.53438e-06 1.13694e-05 2.5431e-05 3.01578e-05 2.52706e-05 1.42249e-05 7.06498e-07 -1.28954e-05 -2.17519e-05 -2.57494e-05 -2.6272e-05 -2.70118e-05 -2.63416e-05 -2.13647e-05 -1.42616e-05 -8.23125e-06 -4.48054e-06 4.36155e-07 
6.93214e-06 1.74754e-05 3.09574e-05 4.94657e-05 7.06998e-05 8.85145e-05 9.532e-05 8.72661e-05 6.56092e-05 3.622e-05 5.40203e-06 -2.65524e-05 -5.94605e-05 -8.82405e-05 -0.000108531 -0.000118312 -0.000117451 -0.000106862 -8.88671e-05 -6.71776e-05 -4.40503e-05 -1.90903e-05 
1.57216e-05 4.11761e-05 6.97264e-05 9.89186e-05 0.000124311 0.000138253 0.000132099 0.000107334 7.25362e-05 3.68197e-05 5.35241e-06 -2.76889e-05 -6.81529e-05 -0.000110654 -0.0001482 -0.000173079 -0.00017931 -0.00016677 -0.000141202 -0.000107498 -6.92903e-05 -2.99397e-05 

