
3.48787e-24 -2.00521e-23 -3.38279e-23 -1.72681e-23 -1.12705e-23 -4.52043e-24 -2.36735e-24 -2.9455e-25 3.52047e-24 1.49141e-23 6.83362e-24 -7.79286e-24 -9.38664e-24 -1.13514e-23 3.02961e-24 2.84225e-25 2.74783e-25 4.22799e-24 -7.31272e-25 4.43455e-25 3.99275e-24 2.78921e-24 
3.48787e-24 -2.00521e-23 -1.09841e-23 -3.38279e-23 -1.7268e-23 -1.12705e-23 -4.52043e-24 -2.36735e-24 -2.9455e-25 3.52047e-24 1.49141e-23 6.83362e-24 -7.79286e-24 -9.38664e-24 -1.13514e-23 3.02961e-24 2.84225e-25 2.74783e-25 4.22799e-24 -7.31272e-25 4.43455e-25 3.99275e-24 2.78921e-24 
-2.32389e-24 3.07706e-24 2.09278e-23 -7.62907e-24 -8.4941e-24 -7.74e-24 -3.60568e-24 -1.48265e-24 1.42432e-24 3.18856e-24 4.03244e-24 4.23417e-24 -2.3783e-24 -4.73022e-24 -5.61908e-24 -7.4158e-25 1.37123e-24 9.51314e-25 -2.1108e-25 3.97872e-25 1.39865e-24 9.03806e-25 3.04905e-24 
1.11489e-24 1.21753e-24 5.65743e-24 -2.18491e-24 -4.75669e-24 -5.32867e-24 -3.27874e-24 -8.64219e-25 1.76434e-24 3.23163e-24 3.4774e-24 3.43006e-24 1.13462e-24 -4.29211e-25 -8.32722e-25 3.49301e-25 4.65226e-25 -3.31332e-25 -1.36455e-24 -1.29961e-24 -8.01497e-25 -1.03305e-24 6.62461e-25 
4.76108e-25 -2.42142e-25 2.72829e-25 -2.21711e-24 -3.70815e-24 -3.8889e-24 -2.08355e-24 4.72312e-25 2.74716e-24 3.81479e-24 3.93589e-24 3.9799e-24 3.46365e-24 2.66261e-24 1.87414e-24 1.30329e-24 2.26071e-25 -1.14838e-24 -2.31333e-24 -2.70199e-24 -2.63579e-24 -2.82202e-24 -1.46742e-24 
-7.15239e-25 -1.49278e-24 -1.83113e-24 -2.77325e-24 -3.29703e-24 -2.80031e-24 -7.97353e-25 1.52267e-24 3.32517e-24 4.12823e-24 4.10953e-24 4.26095e-24 4.45765e-24 4.0808e-24 3.16358e-24 1.91893e-24 2.54765e-25 -1.52352e-24 -2.74643e-24 -3.3297e-24 -3.5283e-24 -3.75276e-24 -2.63449e-24 
-1.22841e-24 -1.95133e-24 -2.27864e-24 -2.586e-24 -2.5276e-24 -1.72127e-24 -3.53551e-26 1.77889e-24 3.06039e-24 3.52953e-24 3.37664e-24 3.52347e-24 3.97745e-24 3.86408e-24 3.1353e-24 1.87889e-24 2.9116e-25 -1.25372e-24 -2.36144e-24 -3.00286e-24 -3.32501e-24 -3.48634e-24 -2.65803e-24 
-8.52436e-25 -1.37988e-24 -1.54786e-24 -1.58271e-24 -1.37652e-24 -7.55823e-25 3.3343e-25 1.34242e-24 1.88641e-24 1.93622e-24 1.70583e-24 1.79112e-24 2.1935e-24 2.304e-24 2.03542e-24 1.34876e-24 3.37841e-25 -6.79729e-25 -1.38601e-24 -1.82711e-24 -2.07128e-24 -2.13323e-24 -1.62307e-24 

