
3.64151e-77 -2.09354e-76 -3.5318e-76 -1.80287e-76 -1.17669e-76 -4.71955e-77 -2.47163e-77 -3.07524e-78 3.67554e-77 1.55711e-76 7.13464e-77 -8.13613e-77 -9.80011e-77 -1.18515e-76 3.16306e-77 2.96745e-78 2.86887e-78 4.41423e-77 -7.63484e-78 4.62989e-78 4.16862e-77 2.91207e-77 
3.64151e-77 -2.09354e-76 -1.14679e-76 -3.5318e-76 -1.80287e-76 -1.17669e-76 -4.71955e-77 -2.47163e-77 -3.07524e-78 3.67554e-77 1.55711e-76 7.13464e-77 -8.13613e-77 -9.80011e-77 -1.18515e-76 3.16306e-77 2.96745e-78 2.86887e-78 4.41423e-77 -7.63484e-78 4.62989e-78 4.16862e-77 2.91207e-77 
-2.42626e-77 3.2126e-77 2.18496e-76 -7.96512e-77 -8.86826e-77 -8.08093e-77 -3.76451e-77 -1.54796e-77 1.48706e-77 3.32902e-77 4.21007e-77 4.42068e-77 -2.48306e-77 -4.93859e-77 -5.8666e-77 -7.74245e-78 1.43163e-77 9.93218e-78 -2.20378e-78 4.15398e-78 1.46026e-77 9.43618e-78 3.18336e-77 
1.164e-77 1.27116e-77 5.90663e-77 -2.28115e-77 -4.96621e-77 -5.56339e-77 -3.42317e-77 -9.02287e-78 1.84205e-77 3.37398e-77 3.63058e-77 3.58115e-77 1.1846e-77 -4.48117e-78 -8.69402e-78 3.64687e-78 4.85719e-78 -3.45926e-78 -1.42466e-77 -1.35685e-77 -8.36802e-78 -1.07855e-77 6.91642e-78 
4.9708e-78 -2.52808e-78 2.84847e-78 -2.31477e-77 -3.87149e-77 -4.0602e-77 -2.17532e-77 4.93116e-78 2.86817e-77 3.98283e-77 4.10927e-77 4.15521e-77 3.61621e-77 2.77989e-77 1.95669e-77 1.3607e-77 2.36029e-78 -1.19897e-77 -2.41523e-77 -2.82101e-77 -2.7519e-77 -2.94633e-77 -1.53205e-77 
-7.46744e-78 -1.55854e-77 -1.91179e-77 -2.89541e-77 -3.44226e-77 -2.92366e-77 -8.32475e-78 1.58974e-77 3.47164e-77 4.31008e-77 4.29055e-77 4.44864e-77 4.65401e-77 4.26056e-77 3.30293e-77 2.00345e-77 2.65987e-78 -1.59062e-77 -2.8674e-77 -3.47637e-77 -3.68371e-77 -3.91806e-77 -2.75054e-77 
-1.28252e-77 -2.03729e-77 -2.37901e-77 -2.69991e-77 -2.63894e-77 -1.79709e-77 -3.69125e-79 1.85725e-77 3.1952e-77 3.685e-77 3.52537e-77 3.67868e-77 4.15265e-77 4.03429e-77 3.27341e-77 1.96166e-77 3.03985e-78 -1.30894e-77 -2.46545e-77 -3.13513e-77 -3.47147e-77 -3.63991e-77 -2.77511e-77 
-8.89984e-78 -1.44066e-77 -1.61604e-77 -1.65242e-77 -1.43715e-77 -7.89116e-78 3.48117e-78 1.40155e-77 1.9695e-77 2.02151e-77 1.78097e-77 1.87001e-77 2.29012e-77 2.40549e-77 2.12508e-77 1.40818e-77 3.52723e-78 -7.0967e-78 -1.44706e-77 -1.90759e-77 -2.16252e-77 -2.2272e-77 -1.69456e-77 

