
-5.81168e-24 1.73176e-23 -3.682e-23 -1.06212e-23 -1.84726e-24 1.68319e-24 2.59788e-24 3.48253e-24 5.20137e-24 4.86943e-24 -6.01232e-24 -8.61183e-24 -3.1973e-24 1.4591e-24 7.19146e-24 3.42029e-24 4.50734e-24 5.18394e-24 7.44923e-25 1.87416e-24 2.82938e-24 -2.59843e-25 
-5.81168e-24 1.73176e-23 -3.682e-23 -1.06212e-23 -1.84726e-24 1.68319e-24 2.59788e-24 3.48253e-24 5.20137e-24 4.86943e-24 -6.01232e-24 -8.61183e-24 -3.1973e-24 1.4591e-24 7.19146e-24 3.42029e-24 4.50734e-24 5.18394e-24 7.44923e-25 1.87416e-24 2.82938e-24 -2.59843e-25 
3.4389e-24 1.57927e-24 -1.36912e-23 -8.24704e-24 -4.50961e-24 -2.09838e-24 -1.77148e-24 -1.15299e-24 -8.12879e-25 -7.69747e-25 -1.32476e-24 -2.12886e-24 1.3841e-24 5.68518e-24 1.04716e-23 1.15626e-23 1.06566e-23 9.37405e-24 8.2206e-24 6.52323e-24 4.32314e-24 2.3863e-24 
-6.38753e-25 -2.09843e-24 -7.48304e-24 -7.51506e-24 -6.46659e-24 -5.02673e-24 -3.83141e-24 -2.49477e-24 -1.51194e-24 -9.28876e-25 -4.70495e-25 7.92774e-26 2.40826e-24 5.50006e-24 8.2069e-24 9.16086e-24 8.92164e-24 8.10447e-24 7.1556e-24 5.7532e-24 3.91885e-24 2.12987e-24 
-1.19138e-24 -2.44191e-24 -4.54596e-24 -5.10203e-24 -4.69092e-24 -3.60243e-24 -2.31625e-24 -1.2658e-24 -6.87816e-25 -3.74454e-25 -2.00853e-25 8.02429e-26 1.07433e-24 2.49257e-24 3.78199e-24 4.39759e-24 4.42622e-24 4.05101e-24 3.61791e-24 2.99021e-24 2.09776e-24 1.16714e-24 
-5.13223e-25 -9.71652e-25 -1.41927e-24 -1.23194e-24 -4.6265e-25 6.16337e-25 1.37862e-24 1.63486e-24 1.36992e-24 7.71135e-25 3.82993e-26 -6.99059e-25 -1.17917e-24 -1.39588e-24 -1.42421e-24 -1.46432e-24 -1.42798e-24 -1.15818e-24 -7.73121e-25 -4.46217e-25 -2.42891e-25 2.3644e-26 
3.75792e-25 9.47341e-25 1.6782e-24 2.68154e-24 3.83264e-24 4.79838e-24 5.16731e-24 4.7307e-24 3.55668e-24 1.96349e-24 2.92845e-25 -1.43941e-24 -3.22336e-24 -4.78352e-24 -5.8835e-24 -6.41371e-24 -6.36703e-24 -5.79299e-24 -4.81749e-24 -3.64171e-24 -2.38797e-24 -1.03488e-24 
8.5227e-25 2.23216e-24 3.77988e-24 5.36239e-24 6.73889e-24 7.49473e-24 7.16113e-24 5.8186e-24 3.93219e-24 1.996e-24 2.90155e-25 -1.50102e-24 -3.69457e-24 -5.99858e-24 -8.03396e-24 -9.38264e-24 -9.7204e-24 -9.0406e-24 -7.65457e-24 -5.82749e-24 -3.75623e-24 -1.62304e-24 

