
2.3865e-72 -1.37202e-71 -2.3146e-71 -1.18153e-71 -7.71158e-72 -3.093e-72 -1.61981e-72 -2.01539e-73 2.4088e-72 1.02047e-71 4.67576e-72 -5.33209e-72 -6.4226e-72 -7.76697e-72 2.07294e-72 1.94475e-73 1.88014e-73 2.89291e-72 -5.00357e-73 3.03424e-73 2.73195e-72 1.90845e-72 
2.3865e-72 -1.37202e-71 -7.51561e-72 -2.3146e-71 -1.18153e-71 -7.71158e-72 -3.093e-72 -1.61981e-72 -2.01539e-73 2.4088e-72 1.02047e-71 4.67576e-72 -5.33209e-72 -6.4226e-72 -7.76697e-72 2.07294e-72 1.94475e-73 1.88014e-73 2.89291e-72 -5.00357e-73 3.03424e-73 2.73195e-72 1.90845e-72 
-1.59007e-72 2.10541e-72 1.43194e-71 -5.22002e-72 -5.8119e-72 -5.29592e-72 -2.46711e-72 -1.01447e-72 9.74562e-73 2.1817e-72 2.75911e-72 2.89714e-72 -1.6273e-72 -3.23655e-72 -3.84473e-72 -5.07409e-73 9.38236e-73 6.50915e-73 -1.44427e-73 2.72235e-73 9.56996e-73 6.18409e-73 2.08625e-72 
7.62842e-73 8.33065e-73 3.87097e-72 -1.49497e-72 -3.25466e-72 -3.64602e-72 -2.24341e-72 -5.91323e-73 1.20721e-72 2.21117e-72 2.37934e-72 2.34694e-72 7.76341e-73 -2.93678e-73 -5.69771e-73 2.39001e-73 3.18321e-73 -2.26706e-73 -9.33662e-73 -8.89226e-73 -5.48406e-73 -7.06841e-73 4.53274e-73 
3.25766e-73 -1.6568e-73 1.86677e-73 -1.51701e-72 -2.53722e-72 -2.66089e-72 -1.42562e-72 3.23169e-73 1.87968e-72 2.61018e-72 2.69305e-72 2.72316e-72 2.36992e-72 1.82183e-72 1.28234e-72 8.91747e-73 1.54684e-73 -7.85756e-73 -1.58285e-72 -1.84878e-72 -1.80348e-72 -1.9309e-72 -1.00405e-72 
-4.89386e-73 -1.0214e-72 -1.25291e-72 -1.89754e-72 -2.25592e-72 -1.91605e-72 -5.45571e-73 1.04185e-72 2.27517e-72 2.82465e-72 2.81185e-72 2.91546e-72 3.05005e-72 2.7922e-72 2.16461e-72 1.31298e-72 1.74317e-73 -1.04243e-72 -1.87918e-72 -2.27827e-72 -2.41416e-72 -2.56774e-72 -1.80259e-72 
-8.40512e-73 -1.33516e-72 -1.55911e-72 -1.76941e-72 -1.72946e-72 -1.17774e-72 -2.41909e-74 1.21717e-72 2.094e-72 2.415e-72 2.31039e-72 2.41086e-72 2.72148e-72 2.64391e-72 2.14526e-72 1.28559e-72 1.99219e-73 -8.57827e-73 -1.61576e-72 -2.05464e-72 -2.27506e-72 -2.38545e-72 -1.8187e-72 
-5.8326e-73 -9.44152e-73 -1.05909e-72 -1.08293e-72 -9.41851e-73 -5.17155e-73 2.28142e-73 9.18518e-73 1.29073e-72 1.32482e-72 1.16718e-72 1.22553e-72 1.50085e-72 1.57646e-72 1.39269e-72 9.22862e-73 2.3116e-73 -4.6509e-73 -9.48345e-73 -1.25016e-72 -1.41723e-72 -1.45962e-72 -1.11055e-72 

