
-3.97652e-72 1.18492e-71 -2.51933e-71 -7.26732e-72 -1.26395e-72 1.15169e-72 1.77754e-72 2.38284e-72 3.55892e-72 3.3318e-72 -4.11379e-72 -5.89245e-72 -2.18768e-72 9.98355e-73 4.9206e-72 2.34026e-72 3.08405e-72 3.54699e-72 5.09697e-73 1.28235e-72 1.93594e-72 -1.77792e-73 
-3.97652e-72 1.18492e-71 -2.51933e-71 -7.26732e-72 -1.26395e-72 1.15169e-72 1.77754e-72 2.38284e-72 3.55892e-72 3.3318e-72 -4.11379e-72 -5.89245e-72 -2.18768e-72 9.98355e-73 4.9206e-72 2.34026e-72 3.08405e-72 3.54699e-72 5.09697e-73 1.28235e-72 1.93594e-72 -1.77792e-73 
2.35299e-72 1.08058e-72 -9.36792e-72 -5.64285e-72 -3.0856e-72 -1.43577e-72 -1.2121e-72 -7.88906e-73 -5.56194e-73 -5.26682e-73 -9.06436e-73 -1.45662e-72 9.47038e-73 3.88996e-72 7.16497e-72 7.91143e-72 7.29157e-72 6.41398e-72 5.62476e-72 4.46338e-72 2.95801e-72 1.63277e-72 
-4.37053e-73 -1.43581e-72 -5.1201e-72 -5.14201e-72 -4.42462e-72 -3.43943e-72 -2.62156e-72 -1.70699e-72 -1.03451e-72 -6.35563e-73 -3.21926e-73 5.42438e-74 1.6478e-72 3.76329e-72 5.61539e-72 6.26811e-72 6.10443e-72 5.5453e-72 4.89606e-72 3.9365e-72 2.68139e-72 1.45732e-72 
-8.15174e-73 -1.67082e-72 -3.11048e-72 -3.49095e-72 -3.20966e-72 -2.46488e-72 -1.58484e-72 -8.66099e-73 -4.70623e-73 -2.56212e-73 -1.3743e-73 5.49044e-74 7.35088e-73 1.70549e-72 2.58774e-72 3.00895e-72 3.02854e-72 2.77181e-72 2.47547e-72 2.04599e-72 1.43534e-72 7.98588e-73 
-3.51162e-73 -6.64831e-73 -9.71105e-73 -8.42927e-73 -3.16558e-73 4.21715e-73 9.43289e-73 1.11861e-72 9.37337e-73 5.27632e-73 2.62055e-74 -4.78316e-73 -8.06821e-73 -9.55099e-73 -9.74483e-73 -1.00193e-72 -9.77065e-73 -7.92462e-73 -5.28991e-73 -3.05314e-73 -1.66192e-73 1.61779e-74 
2.57127e-73 6.48197e-73 1.14827e-72 1.83479e-72 2.6224e-72 3.28318e-72 3.53562e-72 3.23688e-72 2.43358e-72 1.34347e-72 2.00372e-73 -9.84883e-73 -2.20551e-72 -3.27302e-72 -4.02566e-72 -4.38844e-72 -4.3565e-72 -3.96373e-72 -3.29626e-72 -2.49176e-72 -1.63392e-72 -7.08097e-73 
5.83146e-73 1.52731e-72 2.5863e-72 3.6691e-72 4.61094e-72 5.1281e-72 4.89984e-72 3.98124e-72 2.69052e-72 1.36572e-72 1.98532e-73 -1.02704e-72 -2.52793e-72 -4.1044e-72 -5.49706e-72 -6.41987e-72 -6.65096e-72 -6.18583e-72 -5.23747e-72 -3.98733e-72 -2.57012e-72 -1.11053e-72 

