
-1.69637 -1.66113 -1.60111 -1.57673 -1.71037 
-2.11545 -1.77173 -1.6481 -1.69637 -1.66113 -1.60112 -1.57673 -1.71037 -1.61781 -1.69247 -1.87566 -2.28733 
5.0051 -1.97841 -2.11545 -1.77173 -1.59984 -1.51996 -1.50168 -1.46457 -1.45154 -1.52286 -1.52526 -1.69247 -1.87566 -2.28733 -2.17978 
5.0051 5.0051 -1.52 -1.84136 -1.82439 -1.58818 -1.44061 -1.36825 -1.33945 -1.31859 -1.3213 -1.36894 -1.41994 -1.53993 -1.7282 -2.02808 -2.07223 -1.87255 
4.5037 3.57548 -0.205538 -1.19864 -1.43774 -1.48103 -1.34574 -1.25163 -1.19711 -1.16952 -1.15794 -1.16939 -1.20881 -1.26927 -1.36964 -1.52169 -1.73133 -1.78691 -1.67287 -1.2068 5.39083 
3.81606 2.64726 0.787566 -0.515953 -0.974818 -1.10596 -1.07349 -1.03363 -1.00372 -0.986366 -0.981262 -0.995696 -1.03045 -1.08384 -1.16123 -1.26552 -1.38968 -1.42185 -1.25109 -0.740735 0.141835 4.02731 5.39083 
2.71522 1.75226 0.706293 -0.155027 -0.608222 -0.77478 -0.80704 -0.807102 -0.798884 -0.792255 -0.79182 -0.806246 -0.835147 -0.876119 -0.928696 -0.988667 -1.04149 -1.00804 -0.760395 -0.156774 1.02441 2.66378 4.07476 
1.77027 1.18304 0.5481 0.00552447 -0.346878 -0.509057 -0.567887 -0.588258 -0.592663 -0.592773 -0.594638 -0.607107 -0.629251 -0.657821 -0.689738 -0.71746 -0.724153 -0.652044 -0.411978 0.0810101 0.852048 1.7671 2.67462 
1.01769 0.753443 0.390601 0.0532359 -0.182374 -0.30702 -0.361857 -0.383976 -0.390593 -0.392408 -0.394351 -0.403493 -0.418626 -0.436915 -0.455105 -0.465197 -0.452218 -0.379739 -0.195689 0.142825 0.612239 1.1143 1.53523 
0.415298 0.38064 0.235439 0.0562496 -0.0804827 -0.151158 -0.182262 -0.192646 -0.193557 -0.193841 -0.195051 -0.199934 -0.207538 -0.217149 -0.227551 -0.232189 -0.220971 -0.176106 -0.0729347 0.115006 0.353688 0.556174 0.630875 

