
-2.4961e-14 7.43784e-14 -1.58141e-13 -4.56177e-14 -7.93394e-15 7.22925e-15 1.11578e-14 1.49573e-14 2.23397e-14 2.09141e-14 -2.58227e-14 -3.69875e-14 -1.37323e-14 6.26677e-15 3.08871e-14 1.469e-14 1.93589e-14 2.22648e-14 3.19942e-15 8.04945e-15 1.21521e-14 -1.11602e-15 
-2.4961e-14 7.43784e-14 -1.58141e-13 -4.56177e-14 -7.93394e-15 7.22925e-15 1.11578e-14 1.49573e-14 2.23397e-14 2.09141e-14 -2.58227e-14 -3.69875e-14 -1.37323e-14 6.26677e-15 3.08871e-14 1.469e-14 1.93589e-14 2.22648e-14 3.19942e-15 8.04945e-15 1.21521e-14 -1.11602e-15 
1.477e-14 6.78292e-15 -5.88034e-14 -3.54208e-14 -1.93686e-14 -9.01246e-15 -7.60845e-15 -4.95205e-15 -3.49129e-15 -3.30604e-15 -5.68979e-15 -9.14338e-15 5.94465e-15 2.44177e-14 4.49752e-14 4.96608e-14 4.57699e-14 4.02612e-14 3.53072e-14 2.80171e-14 1.85678e-14 1.02491e-14 
-2.74343e-15 -9.0127e-15 -3.21394e-14 -3.22769e-14 -2.77738e-14 -2.15897e-14 -1.64558e-14 -1.0715e-14 -6.49374e-15 -3.98949e-15 -2.02076e-15 3.40494e-16 1.03434e-14 2.36226e-14 3.52484e-14 3.93456e-14 3.83181e-14 3.48084e-14 3.07331e-14 2.47098e-14 1.68313e-14 9.14772e-15 
-5.11693e-15 -1.04879e-14 -1.95248e-14 -2.1913e-14 -2.01474e-14 -1.54723e-14 -9.94823e-15 -5.43659e-15 -2.95415e-15 -1.60827e-15 -8.62659e-16 3.4464e-16 4.61422e-15 1.07055e-14 1.62435e-14 1.88875e-14 1.90105e-14 1.7399e-14 1.55388e-14 1.28429e-14 9.0098e-15 5.01282e-15 
-2.20428e-15 -4.17321e-15 -6.09572e-15 -5.29114e-15 -1.98707e-15 2.64715e-15 5.92112e-15 7.02165e-15 5.88376e-15 3.312e-15 1.64494e-16 -3.00244e-15 -5.0645e-15 -5.99525e-15 -6.11693e-15 -6.28919e-15 -6.13314e-15 -4.97436e-15 -3.32053e-15 -1.91649e-15 -1.04321e-15 1.0155e-16 
1.61401e-15 4.0688e-15 7.20783e-15 1.15171e-14 1.64611e-14 2.06089e-14 2.21934e-14 2.03182e-14 1.52758e-14 8.43312e-15 1.25776e-15 -6.18221e-15 -1.38442e-14 -2.05451e-14 -2.52695e-14 -2.75467e-14 -2.73462e-14 -2.48807e-14 -2.0691e-14 -1.5641e-14 -1.02563e-14 -4.4448e-15 
3.66047e-15 9.58707e-15 1.62344e-14 2.30313e-14 2.89433e-14 3.21896e-14 3.07568e-14 2.49907e-14 1.68886e-14 8.57276e-15 1.2462e-15 -6.44682e-15 -1.58681e-14 -2.57637e-14 -3.45056e-14 -4.02981e-14 -4.17488e-14 -3.88291e-14 -3.28761e-14 -2.50289e-14 -1.61329e-14 -6.97089e-15 

