
-0.206822 -0.787697 -0.634556 -0.3369 0.064737 -0.314766 0.17389 -0.118221 
-0.206822 -0.105099 0.125801 -0.285346 -0.523915 -0.787697 -0.395633 -0.0998561 -0.0303936 0.037476 -0.267647 -0.634556 -0.3369 0.064737 0.161116 -0.12528 -0.314766 0.17389 -0.118221 
-0.0335866 -0.0033752 0.125801 -0.285346 -0.111176 0.144971 -0.0348147 -0.10924 -0.260132 -0.245917 -0.00356899 -0.0998561 -0.0303936 0.037476 0.0992632 -0.106616 -0.0279135 -0.0661264 0.257496 0.0642052 -0.0812271 -0.0404756 -0.0170113 
-0.0265196 0.00425598 0.0177665 -0.0495274 0.0629937 0.144971 -0.0348147 0.0416519 -0.0628682 -0.0672417 -0.0220484 -0.0260627 0.0165636 0.0549691 0.070591 0.0161157 0.0100511 0.00458329 0.0639562 0.00242273 -0.0705065 -0.0855456 -0.0657505 
-0.0464365 -0.0429068 -0.0340164 -0.0256562 0.0243092 0.0557573 0.0287369 0.0400825 0.0101721 0.0022616 0.0106769 0.0206834 0.0500385 0.0852574 0.103563 0.0813554 0.0487146 0.0146927 -0.00633939 -0.0550009 -0.103654 -0.127074 -0.135214 
-0.0799843 -0.081028 -0.0692847 -0.0474737 -0.00965896 0.025539 0.0495744 0.0755751 0.0681199 0.0522358 0.0447907 0.0512088 0.0783242 0.123618 0.148671 0.125562 0.0725304 0.011657 -0.0445453 -0.0991014 -0.142269 -0.167226 -0.186832 
-0.10486 -0.104211 -0.0958487 -0.0766878 -0.0413622 0.00546529 0.0665609 0.113928 0.112858 0.0856831 0.0647221 0.0647091 0.093836 0.150402 0.17315 0.142616 0.0791151 0.00590861 -0.0668962 -0.121637 -0.159241 -0.182197 -0.206018 
-0.101941 -0.102352 -0.0964225 -0.0847625 -0.0535437 0.000771565 0.0707681 0.117407 0.121363 0.0899983 0.0609066 0.0568898 0.0870587 0.139339 0.151849 0.124967 0.0680753 -0.000679984 -0.061337 -0.107463 -0.138917 -0.160904 -0.181084 
-0.0620796 -0.0682779 -0.0647172 -0.0557895 -0.0338238 0.00569378 0.0520209 0.0793051 0.0791179 0.0547389 0.0311851 0.0290166 0.0509621 0.0784199 0.0890187 0.0796366 0.0476375 0.00234808 -0.0370669 -0.0651405 -0.0851866 -0.100343 -0.106681 

