
5.32207e-29 -3.05971e-28 -5.16173e-28 -2.6349e-28 -1.71974e-28 -6.89763e-29 -3.61229e-29 -4.49448e-30 5.37181e-29 2.27572e-28 1.04273e-28 -1.1891e-28 -1.43229e-28 -1.73209e-28 4.62282e-29 4.33693e-30 4.19285e-30 6.4514e-29 -1.11583e-29 6.76658e-30 6.09245e-29 4.256e-29 
5.32207e-29 -3.05971e-28 -1.67604e-28 -5.16173e-28 -2.6349e-28 -1.71974e-28 -6.89763e-29 -3.61229e-29 -4.49448e-30 5.37181e-29 2.27572e-28 1.04273e-28 -1.1891e-28 -1.43229e-28 -1.73209e-28 4.62282e-29 4.33693e-30 4.19285e-30 6.4514e-29 -1.11583e-29 6.76659e-30 6.09245e-29 4.256e-29 
-3.54598e-29 4.69522e-29 3.19333e-28 -1.1641e-28 -1.2961e-28 -1.18103e-28 -5.50183e-29 -2.26234e-29 2.17334e-29 4.86536e-29 6.15302e-29 6.46083e-29 -3.629e-29 -7.21775e-29 -8.57404e-29 -1.13156e-29 2.09234e-29 1.45159e-29 -3.22082e-30 6.07105e-30 2.13417e-29 1.3791e-29 4.65248e-29 
1.70119e-29 1.8578e-29 8.63256e-29 -3.3339e-29 -7.25813e-29 -8.1309e-29 -5.00297e-29 -1.31869e-29 2.69216e-29 4.93108e-29 5.3061e-29 5.23385e-29 1.7313e-29 -6.54924e-30 -1.27063e-29 5.32991e-30 7.09879e-30 -5.05572e-30 -2.08214e-29 -1.98304e-29 -1.22299e-29 -1.57631e-29 1.01084e-29 
7.26483e-30 -3.69479e-30 4.16305e-30 -3.38304e-29 -5.65818e-29 -5.93399e-29 -3.17924e-29 7.2069e-30 4.19183e-29 5.82091e-29 6.0057e-29 6.07284e-29 5.2851e-29 4.06282e-29 2.85971e-29 1.98866e-29 3.44957e-30 -1.75229e-29 -3.52987e-29 -4.12291e-29 -4.0219e-29 -4.30606e-29 -2.2391e-29 
-1.09137e-29 -2.2778e-29 -2.79409e-29 -4.23165e-29 -5.03087e-29 -4.27293e-29 -1.21666e-29 2.32341e-29 5.0738e-29 6.29918e-29 6.27064e-29 6.50169e-29 6.80184e-29 6.22681e-29 4.82724e-29 2.92805e-29 3.88741e-30 -2.3247e-29 -4.19072e-29 -5.08072e-29 -5.38375e-29 -5.72626e-29 -4.01992e-29 
-1.8744e-29 -2.9775e-29 -3.47693e-29 -3.94592e-29 -3.85682e-29 -2.62645e-29 -5.39476e-31 2.71437e-29 4.66978e-29 5.38563e-29 5.15234e-29 5.3764e-29 6.06911e-29 5.89613e-29 4.78409e-29 2.86696e-29 4.44274e-30 -1.91302e-29 -3.60327e-29 -4.582e-29 -5.07356e-29 -5.31973e-29 -4.05583e-29 
-1.30071e-29 -2.10553e-29 -2.36185e-29 -2.41502e-29 -2.1004e-29 -1.15329e-29 5.08774e-30 2.04836e-29 2.87843e-29 2.95444e-29 2.60289e-29 2.73303e-29 3.34701e-29 3.51563e-29 3.10581e-29 2.05805e-29 5.15505e-30 -1.03718e-29 -2.11488e-29 -2.78794e-29 -3.16052e-29 -3.25505e-29 -2.47661e-29 

