
0.150112 0.00506853 0.432097 -0.014492 0.243159 -0.463471 -0.459281 -0.344006 -0.182809 0.101042 -0.143079 0.001417 0.0384527 
0.150112 0.0414702 0.0396025 0.00506853 0.432097 0.173977 -0.014492 0.243159 0.122384 -0.219522 -0.463471 -0.459281 -0.344006 -0.182809 0.101042 0.0270081 -0.0163532 0.0380508 -0.0325931 -0.143079 0.001417 0.0384527 
-0.0150047 -0.067172 0.0741366 0.0816618 0.128018 0.104326 -0.00246776 0.0353918 0.00161003 0.024426 -0.152138 -0.120657 -0.128205 -0.0654386 -0.000605786 -0.0470255 -0.0163532 0.0380508 0.0778931 0.0143671 0.00806352 0.0377751 
-0.0124577 -0.00826505 0.031606 0.0554603 0.0628191 0.0441898 0.012457 0.00081606 -0.0335752 -0.0183437 -0.0682256 -0.0761295 -0.0664288 -0.0278523 0.0115371 0.00810149 0.0202952 0.0280174 0.028469 0.011009 0.00640073 0.0132908 
-0.0050867 0.000644853 0.015139 0.0270877 0.0289384 0.0191601 0.00300552 -0.0104486 -0.0263889 -0.0294528 -0.0444406 -0.0471548 -0.0387934 -0.0190657 0.00348842 0.0116931 0.0192082 0.0222043 0.0202932 0.012734 0.00652314 0.00431356 
-0.000552699 0.0034643 0.0107437 0.0176384 0.0205175 0.016977 0.00874337 -0.000964196 -0.0119462 -0.0206321 -0.0308083 -0.035516 -0.034101 -0.0264514 -0.0160166 -0.00818929 -0.00134022 0.00311016 0.00487845 0.00418122 0.00236089 0.00121018 
0.00250582 0.00821088 0.0156559 0.0229722 0.0285163 0.0300596 0.0267236 0.0175734 0.004624 -0.00883039 -0.0215295 -0.0310575 -0.0366611 -0.038489 -0.0376146 -0.0348522 -0.0293168 -0.0220729 -0.015011 -0.00926381 -0.00483745 -0.00148765 
0.00439473 0.012993 0.0232231 0.0332184 0.0412646 0.0447353 0.0408459 0.0292214 0.0131887 -0.00329811 -0.01745 -0.0281336 -0.0364643 -0.0429958 -0.0475975 -0.0493302 -0.0464513 -0.0387901 -0.0286437 -0.0182172 -0.00881846 -0.00176769 

