
-3.15052e-43 9.38787e-43 -1.99602e-42 -5.75777e-43 -1.0014e-43 9.12459e-44 1.40831e-43 1.88788e-43 2.81967e-43 2.63973e-43 -3.25928e-43 -4.66848e-43 -1.73326e-43 7.90978e-44 3.8985e-43 1.85414e-43 2.44343e-43 2.81022e-43 4.03824e-44 1.01598e-43 1.53381e-43 -1.40861e-44 
-3.15052e-43 9.38787e-43 -1.99602e-42 -5.75777e-43 -1.0014e-43 9.12459e-44 1.40831e-43 1.88788e-43 2.81967e-43 2.63973e-43 -3.25928e-43 -4.66848e-43 -1.73326e-43 7.90978e-44 3.8985e-43 1.85414e-43 2.44343e-43 2.81022e-43 4.03824e-44 1.01598e-43 1.53381e-43 -1.40861e-44 
1.86423e-43 8.56125e-44 -7.42203e-43 -4.47073e-43 -2.44466e-43 -1.13753e-43 -9.60321e-44 -6.25036e-44 -4.40663e-44 -4.17281e-44 -7.18152e-44 -1.15406e-43 7.50321e-44 3.08194e-43 5.67667e-43 6.26808e-43 5.77698e-43 5.08168e-43 4.45639e-43 3.53625e-43 2.34358e-43 1.29362e-43 
-3.46269e-44 -1.13756e-43 -4.05656e-43 -4.07392e-43 -3.50554e-43 -2.725e-43 -2.07701e-43 -1.35242e-43 -8.19625e-44 -5.03545e-44 -2.55056e-44 4.29764e-45 1.30552e-43 2.98159e-43 4.44897e-43 4.96611e-43 4.83643e-43 4.39344e-43 3.87906e-43 3.11882e-43 2.12441e-43 1.1546e-43 
-6.45847e-44 -1.32376e-43 -2.46437e-43 -2.76582e-43 -2.54296e-43 -1.95288e-43 -1.25564e-43 -6.86194e-44 -3.72866e-44 -2.02992e-44 -1.08883e-44 4.34997e-45 5.82397e-44 1.35123e-43 2.05022e-43 2.38394e-43 2.39946e-43 2.19606e-43 1.96127e-43 1.621e-43 1.1372e-43 6.32706e-44 
-2.78219e-44 -5.26734e-44 -7.69389e-44 -6.67836e-44 -2.50803e-44 3.34117e-44 7.47351e-44 8.86257e-44 7.42635e-44 4.18033e-44 2.07621e-45 -3.78961e-44 -6.39229e-44 -7.56707e-44 -7.72065e-44 -7.93807e-44 -7.7411e-44 -6.27853e-44 -4.1911e-44 -2.41895e-44 -1.31671e-44 1.28174e-45 
2.03717e-44 5.13554e-44 9.09755e-44 1.45367e-43 2.07768e-43 2.60121e-43 2.8012e-43 2.56452e-43 1.92808e-43 1.06441e-43 1.58751e-44 -7.80305e-44 -1.74739e-43 -2.59315e-43 -3.18945e-43 -3.47688e-43 -3.45158e-43 -3.14039e-43 -2.61157e-43 -1.97417e-43 -1.29452e-43 -5.61012e-44 
4.62016e-44 1.21006e-43 2.04907e-43 2.90696e-43 3.65316e-43 4.0629e-43 3.88206e-43 3.15427e-43 2.13165e-43 1.08203e-43 1.57293e-44 -8.13703e-44 -2.00283e-43 -3.25184e-43 -4.35522e-43 -5.08634e-43 -5.26944e-43 -4.90092e-43 -4.14955e-43 -3.15909e-43 -2.03626e-43 -8.7985e-44 

