
4.40231e-53 -2.53093e-52 -4.26968e-52 -2.17953e-52 -1.42253e-52 -5.70558e-53 -2.98801e-53 -3.71774e-54 4.44346e-53 1.88243e-52 8.62525e-53 -9.83598e-53 -1.18476e-52 -1.43275e-52 3.82391e-53 3.58742e-54 3.46825e-54 5.33647e-53 -9.22996e-54 5.59719e-54 5.03955e-53 3.52048e-53 
4.40231e-53 -2.53093e-52 -1.38639e-52 -4.26968e-52 -2.17953e-52 -1.42253e-52 -5.70558e-53 -2.98801e-53 -3.71774e-54 4.44346e-53 1.88243e-52 8.62525e-53 -9.83598e-53 -1.18476e-52 -1.43275e-52 3.82391e-53 3.58742e-54 3.46825e-54 5.33647e-53 -9.22996e-54 5.59719e-54 5.03955e-53 3.52048e-53 
-2.93316e-53 3.88379e-53 2.64146e-52 -9.62923e-53 -1.07211e-52 -9.76925e-53 -4.55101e-53 -1.87137e-53 1.79775e-53 4.02453e-53 5.08966e-53 5.34427e-53 -3.00184e-53 -5.97038e-53 -7.09228e-53 -9.36005e-54 1.73074e-53 1.20073e-53 -2.6642e-54 5.02185e-54 1.76535e-53 1.14076e-53 3.84845e-53 
1.40719e-53 1.53673e-53 7.14068e-53 -2.75774e-53 -6.00378e-53 -6.72572e-53 -4.13836e-53 -1.0908e-53 2.22691e-53 4.0789e-53 4.3891e-53 4.32934e-53 1.4321e-53 -5.4174e-54 -1.05104e-53 4.4088e-54 5.87198e-54 -4.18199e-54 -1.7223e-53 -1.64033e-53 -1.01163e-53 -1.30389e-53 8.36144e-54 
6.00933e-54 -3.05626e-54 3.44359e-54 -2.79838e-53 -4.68034e-53 -4.90848e-53 -2.62981e-53 5.96141e-54 3.4674e-53 4.81494e-53 4.9678e-53 5.02334e-53 4.37174e-53 3.36068e-53 2.3655e-53 1.64498e-53 2.85342e-54 -1.44946e-53 -2.91984e-53 -3.41039e-53 -3.32684e-53 -3.56189e-53 -1.85214e-53 
-9.02758e-54 -1.88415e-53 -2.31122e-53 -3.50034e-53 -4.16144e-53 -3.53449e-53 -1.0064e-53 1.92188e-53 4.19695e-53 5.21056e-53 5.18695e-53 5.37807e-53 5.62635e-53 5.1507e-53 3.993e-53 2.42203e-53 3.21559e-54 -1.92295e-53 -3.46648e-53 -4.20267e-53 -4.45334e-53 -4.73665e-53 -3.3252e-53 
-1.55047e-53 -2.46293e-53 -2.87605e-53 -3.26399e-53 -3.19029e-53 -2.17255e-53 -4.46244e-55 2.24528e-53 3.86276e-53 4.45489e-53 4.26191e-53 4.44725e-53 5.02025e-53 4.87716e-53 3.9573e-53 2.3715e-53 3.67495e-54 -1.58241e-53 -2.98055e-53 -3.79014e-53 -4.19675e-53 -4.40038e-53 -3.35491e-53 
-1.07593e-53 -1.74165e-53 -1.95368e-53 -1.99765e-53 -1.73741e-53 -9.53983e-54 4.20848e-54 1.69437e-53 2.38098e-53 2.44386e-53 2.15306e-53 2.26071e-53 2.76859e-53 2.90806e-53 2.56907e-53 1.70238e-53 4.26416e-54 -8.57939e-54 -1.74939e-53 -2.30613e-53 -2.61432e-53 -2.69252e-53 -2.0486e-53 

