
-0.407071 0.477188 0.477188 
-0.407071 -0.407071 0.369252 0.369252 
-0.312086 -0.312086 0.272176 0.272176 
-0.225622 -0.225622 0.204563 0.204563 
-0.153985 -0.153985 0.153462 0.153462 
-0.104586 -0.104586 0.113846 0.113846 
-0.0797355 -0.0797355 0.0874117 0.0874117 
-0.0687937 -0.0687937 0.0728241 0.0728241 
-0.0626426 -0.0626426 0.0651902 0.0651902 
-0.0583055 -0.0583055 0.0595085 0.0595085 
-0.0525847 -0.0525847 0.051195 0.051195 
-0.0403947 -0.0403947 0.0328142 0.0328142 
-0.00999209 -0.00999209 -0.0139298 -0.0139298 
0.0704987 0.0704987 -0.138436 -0.138436 
0.282966 0.282966 -0.58819 -0.407153 
0.595439 0.640181 0.951414 1.01294 1.00803 1.34965 -1.53594 -1.34637 -1.11022 -0.940493 -0.841326 -0.762357 -0.769228 -0.469235 
0.421579 0.684924 0.951414 1.01294 0.959952 0.966898 1.00803 1.34965 1.21754 -0.116216 -0.109435 -0.883681 -1.53594 -1.34637 -1.11022 -0.940493 -0.841326 -0.755486 -0.622937 -0.32029 
0.263295 0.587454 0.828919 0.932004 0.906965 0.925769 0.915818 0.976446 1.08543 0.731817 0.0381889 -0.116216 -0.109435 -0.231424 -1.06718 -0.903709 -0.852696 -0.795848 -0.727661 -0.623347 -0.442453 -0.186812 
0.15703 0.393536 0.580077 0.686023 0.725086 0.71343 0.670228 0.637047 0.595806 0.378204 0.192593 0.010041 -0.082809 -0.228732 -0.548546 -0.584127 -0.56357 -0.555982 -0.529163 -0.446491 -0.296243 -0.115838 
0.103654 0.257516 0.396474 0.497316 0.552484 0.565455 0.546204 0.504231 0.437922 0.313026 0.172653 0.0386076 -0.0833624 -0.218023 -0.3533 -0.416648 -0.431746 -0.424728 -0.389377 -0.315303 -0.201685 -0.0800632 
0.0759101 0.185338 0.294872 0.384887 0.444174 0.469035 0.461127 0.424502 0.360899 0.266351 0.157141 0.0444097 -0.0663811 -0.175112 -0.270474 -0.329562 -0.352283 -0.34439 -0.306091 -0.238509 -0.149527 -0.0611584 
0.0693089 0.156616 0.247651 0.327316 0.383782 0.411119 0.408758 0.37856 0.322086 0.241829 0.14719 0.0457956 -0.0554485 -0.150066 -0.228897 -0.281231 -0.303398 -0.296337 -0.262354 -0.205831 -0.135562 -0.0637289 
0.093207 0.172443 0.244313 0.308613 0.358524 0.38584 0.384803 0.35448 0.298809 0.223338 0.135253 0.0416303 -0.0510068 -0.136613 -0.20832 -0.258993 -0.284798 -0.285724 -0.26481 -0.226993 -0.174557 -0.102783 

