
-0.188709 -0.134133 -0.0049474 0.000161672 0.660953 -0.464473 -0.220589 0.184838 -0.248475 0.0381384 0.315309 0.54561 
-0.0249902 0.0106665 0.106434 -0.0718377 -0.188709 -0.134133 -0.0049474 0.000161672 0.660953 -0.464473 -0.220589 0.184838 0.071819 -0.160829 -0.248475 0.0381384 0.315309 0.54561 0.289638 -0.00989737 -0.00340831 0.0499883 
-0.0249902 0.0106665 0.106434 0.0450338 -0.106159 -0.082321 -0.026731 -0.0116389 0.182354 -0.0375496 -0.0795816 0.0129406 -0.0411998 -0.0731823 -0.0138583 0.0816585 0.119016 0.110732 0.0336659 -0.00989737 -0.00340831 0.0499883 
-0.0110497 0.00653372 0.020814 -0.00349751 -0.0474343 -0.0351816 -0.0227833 -0.0106685 0.0202685 -0.0145349 -0.0314917 -0.00432383 -0.00509448 -0.00283448 0.0350508 0.0738248 0.0936644 0.0864983 0.0510991 0.022518 0.0122484 0.0140328 
-0.00661015 -0.00432134 -0.00500103 -0.0180186 -0.0314255 -0.0311441 -0.0230631 -0.0138261 -0.00282517 -0.00878018 -0.012558 -0.0018488 0.00502009 0.0154814 0.0368899 0.0591046 0.0717549 0.0693009 0.0524896 0.0339352 0.0195194 0.0102621 
-0.00410978 -0.00564135 -0.00761804 -0.0128816 -0.0155352 -0.0135983 -0.00698455 -0.000919341 0.00277908 0.000136892 -0.00310837 -0.00226824 -0.000111444 0.00535174 0.0156531 0.0274197 0.0357656 0.0373055 0.0318221 0.0231753 0.0145723 0.00715942 
-0.00201563 -0.00143745 7.67105e-06 0.00161607 0.00575849 0.0121779 0.0181842 0.0196904 0.0165215 0.0097818 0.00251765 -0.00331723 -0.00780786 -0.0102616 -0.00985464 -0.0066067 -0.00107287 0.00429854 0.00701811 0.00723252 0.00609234 0.00388438 
-0.000471998 0.00363321 0.00959771 0.0166016 0.024681 0.0320465 0.0349881 0.0316007 0.0235363 0.0135497 0.00457196 -0.00269106 -0.00978733 -0.0165658 -0.0216742 -0.0237771 -0.0217896 -0.0160838 -0.00928039 -0.00312921 0.00162482 0.00381832 

