
1.56402e-67 -8.99168e-67 -1.5169e-66 -7.74326e-67 -5.05386e-67 -2.02703e-67 -1.06156e-67 -1.32081e-68 1.57863e-67 6.68773e-67 3.0643e-67 -3.49444e-67 -4.20911e-67 -5.09016e-67 1.35852e-67 1.27451e-68 1.23217e-68 1.8959e-67 -3.27914e-68 1.98852e-68 1.79041e-67 1.25073e-67 
1.56402e-67 -8.99168e-67 -4.92543e-67 -1.5169e-66 -7.74326e-67 -5.05386e-67 -2.02703e-67 -1.06156e-67 -1.32081e-68 1.57863e-67 6.68773e-67 3.0643e-67 -3.49444e-67 -4.20911e-67 -5.09016e-67 1.35852e-67 1.27451e-68 1.23217e-68 1.8959e-67 -3.27914e-68 1.98852e-68 1.79041e-67 1.25073e-67 
-1.04207e-67 1.3798e-67 9.38434e-67 -3.42099e-67 -3.80889e-67 -3.47073e-67 -1.61684e-67 -6.64843e-68 6.38689e-68 1.4298e-67 1.80821e-67 1.89867e-67 -1.06647e-67 -2.12111e-67 -2.51968e-67 -3.32536e-68 6.14882e-68 4.26584e-68 -9.46515e-69 1.78412e-68 6.27177e-68 4.05281e-68 1.36724e-67 
4.99936e-68 5.45958e-68 2.53688e-67 -9.79746e-68 -2.13297e-67 -2.38946e-67 -1.47024e-67 -3.87529e-68 7.91156e-68 1.44911e-67 1.55932e-67 1.53809e-67 5.08783e-68 -1.92465e-68 -3.73405e-68 1.56632e-68 2.08615e-68 -1.48574e-68 -6.11885e-68 -5.82763e-68 -3.59404e-68 -4.63236e-68 2.97058e-68 
2.13494e-68 -1.0858e-68 1.22341e-68 -9.94185e-68 -1.66279e-67 -1.74384e-67 -9.34294e-68 2.11792e-68 1.23187e-67 1.71061e-67 1.76492e-67 1.78465e-67 1.55315e-67 1.19395e-67 8.40394e-68 5.84416e-68 1.01374e-68 -5.14953e-68 -1.03733e-67 -1.21161e-67 -1.18193e-67 -1.26544e-67 -6.58012e-68 
-3.20724e-68 -6.69386e-68 -8.21109e-68 -1.24357e-67 -1.47844e-67 -1.2557e-67 -3.57545e-68 6.8279e-68 1.49106e-67 1.85116e-67 1.84278e-67 1.91067e-67 1.99888e-67 1.8299e-67 1.4186e-67 8.60477e-68 1.14241e-68 -6.83168e-68 -1.23154e-67 -1.49309e-67 -1.58214e-67 -1.6828e-67 -1.18135e-67 
-5.50838e-68 -8.75008e-68 -1.02178e-67 -1.1596e-67 -1.13342e-67 -7.71843e-68 -1.58538e-69 7.97683e-68 1.37233e-67 1.58269e-67 1.51414e-67 1.57998e-67 1.78355e-67 1.73272e-67 1.40592e-67 8.42525e-68 1.3056e-68 -5.62185e-68 -1.0589e-67 -1.34653e-67 -1.49099e-67 -1.56333e-67 -1.1919e-67 
-3.82245e-68 -6.18759e-68 -6.94085e-68 -7.0971e-68 -6.17251e-68 -3.38923e-68 1.49515e-68 6.0196e-68 8.45893e-68 8.68232e-68 7.64922e-68 8.03164e-68 9.83599e-68 1.03315e-67 9.12715e-68 6.04807e-68 1.51493e-68 -3.04801e-68 -6.21507e-68 -8.19303e-68 -9.28795e-68 -9.56574e-68 -7.2781e-68 

