
0.0580307 0.0666702 0.310289 0.583615 0.797098 0.927639 
-1.43744 -1.13496 -0.926349 -0.802103 -0.688479 -0.558906 -0.417643 -0.299133 -0.20039 -0.108681 0.0157627 0.0515378 0.0580307 0.0666702 0.310289 0.583615 0.797098 0.927639 0.845015 0.955639 -0.350139 
-1.15543 -1.43744 -1.13496 -0.926349 -0.802103 -0.688479 -0.558906 -0.417643 -0.299133 -0.20039 -0.108681 0.0157627 0.0450449 0.129357 0.169251 0.289477 0.4461 0.602299 0.692214 0.76239 0.955639 -0.350139 
-0.873412 -1.05595 -0.984545 -0.849977 -0.7263 -0.611501 -0.499117 -0.384259 -0.276322 -0.181978 -0.0991629 -0.0136662 0.0365598 0.0865637 0.130405 0.201574 0.291996 0.382628 0.420803 0.344448 0.00510574 -0.5583 
-0.713896 -0.873255 -0.850626 -0.745524 -0.619102 -0.507331 -0.413401 -0.328009 -0.246571 -0.171162 -0.10413 -0.0445711 -0.000232878 0.0343027 0.0664077 0.107853 0.160217 0.216347 0.242478 0.154877 -0.171965 -0.349405 
-0.57436 -0.760195 -0.771469 -0.666783 -0.52271 -0.411912 -0.333706 -0.273154 -0.218907 -0.167275 -0.119116 -0.0773091 -0.0479984 -0.0270082 -0.010349 0.00892164 0.0385141 0.0834533 0.130384 0.106913 -0.080897 -0.0816754 
-0.454345 -0.648801 -0.712221 -0.584011 -0.404814 -0.304461 -0.251145 -0.216578 -0.187201 -0.158423 -0.131096 -0.108912 -0.0968627 -0.0929304 -0.0955568 -0.0995671 -0.0932688 -0.0575587 0.0124279 0.0628794 -0.0548433 -0.0757335 
-0.238515 -0.434365 -0.529617 -0.390159 -0.212392 -0.161333 -0.156248 -0.157275 -0.153782 -0.14623 -0.138167 -0.134165 -0.138497 -0.152648 -0.178519 -0.215595 -0.253483 -0.260458 -0.214188 -0.17797 -0.255823 -0.421843 
0.356295 0.335746 0.272209 0.18221 0.0906765 0.0111695 -0.0648208 -0.109779 -0.131665 -0.14074 -0.144967 -0.150993 -0.165013 -0.192273 -0.239909 -0.317287 -0.430595 -0.570718 -0.72164 -0.850369 -0.99571 -0.841158 
1.01603 1.58955 1.65885 1.16996 0.531943 0.160278 -0.0149432 -0.101373 -0.141236 -0.155493 -0.156705 -0.154894 -0.16072 -0.184713 -0.23739 -0.333685 -0.50855 -0.82691 -1.27826 -1.59056 -2.03505 -1.28202 

