
-0.0123241 -0.280965 -0.282559 -0.131632 0.154324 
-0.232341 -0.241744 -0.145834 -0.151237 -0.221285 -0.304213 -0.333251 -0.333125 -0.319668 -0.333277 -0.141028 -0.0703474 -0.0123241 -0.280965 -0.282559 -0.131632 0.154324 0.312966 0.67875 -3.96028 
1.4822 0.0663692 -0.232341 -0.241744 -0.145834 -0.151237 -0.221285 -0.304213 -0.333251 -0.333125 -0.319668 -0.333277 -0.141028 -0.128371 -0.00368527 -0.0373495 -0.00923448 0.0818516 0.284868 0.471608 0.67875 -1.64076 -3.96028 
1.4822 0.365079 0.0701453 -0.0331358 -0.0215868 -0.0376125 -0.0917116 -0.16295 -0.214741 -0.234382 -0.22796 -0.208835 -0.111748 -0.0440601 0.0362056 0.0828797 0.147387 0.238049 0.374782 0.541781 0.871997 -1.09353 -3.61014 
0.608785 0.182537 0.141557 0.101432 0.10209 0.0771858 0.0206725 -0.048092 -0.106805 -0.14004 -0.145146 -0.12334 -0.0615231 0.00594295 0.0800467 0.154047 0.237811 0.328682 0.412954 0.465426 0.532653 -0.542448 -3.05184 
-0.105111 0.0231845 0.164181 0.206532 0.22851 0.188956 0.114604 0.0372997 -0.0253676 -0.0646307 -0.0781141 -0.0637804 -0.0171843 0.0404797 0.112153 0.195493 0.290176 0.384809 0.439086 0.377829 0.205808 -0.719888 -2.70243 
-0.679471 -0.162654 0.152911 0.311215 0.372579 0.299755 0.19281 0.0978524 0.02888 -0.0129976 -0.029953 -0.0219729 0.0121273 0.0614706 0.128813 0.214763 0.319767 0.429749 0.486016 0.354361 0.017992 -0.720664 -2.62075 
-1.13381 -0.357114 0.0894894 0.439426 0.551781 0.400109 0.246126 0.13242 0.0582574 0.0157795 -0.002626 0.000210704 0.024178 0.0654045 0.126188 0.210752 0.326064 0.465457 0.556001 0.40481 -0.0997315 -0.741553 -2.54502 
-1.37233 -0.552968 -0.00576639 0.578891 0.729547 0.45117 0.251216 0.131394 0.0617489 0.0233298 0.00543659 0.00421245 0.0198462 0.051254 0.100315 0.173675 0.288173 0.458481 0.602271 0.441027 -0.17758 -0.907578 -2.12318 
-1.01604 -0.57352 -0.0693037 0.488894 0.638014 0.371666 0.175224 0.0864308 0.039861 0.014255 0.0012116 -0.00181173 0.00582663 0.0239932 0.052677 0.0962945 0.174864 0.31836 0.451352 0.312298 -0.322926 -0.753028 -1.28202 

