
1.23914e-38 -7.12394e-38 -1.20181e-37 -6.13484e-38 -4.00408e-38 -1.60598e-38 -8.41051e-39 -1.04645e-39 1.25072e-38 5.29857e-38 2.42779e-38 -2.76858e-38 -3.3348e-38 -4.03284e-38 1.07633e-38 1.00977e-39 9.76224e-40 1.50208e-38 -2.598e-39 1.57547e-39 1.41851e-38 9.90926e-39 
1.23914e-38 -7.12394e-38 -3.90233e-38 -1.20181e-37 -6.13484e-38 -4.00408e-38 -1.60598e-38 -8.41051e-39 -1.04645e-39 1.25072e-38 5.29857e-38 2.42779e-38 -2.76858e-38 -3.3348e-38 -4.03284e-38 1.07633e-38 1.00977e-39 9.76224e-40 1.50208e-38 -2.598e-39 1.57547e-39 1.41851e-38 9.90926e-39 
-8.25612e-39 1.09319e-38 7.43504e-38 -2.71039e-38 -3.01771e-38 -2.7498e-38 -1.281e-38 -5.26743e-39 5.06021e-39 1.13281e-38 1.43261e-38 1.50428e-38 -8.44942e-39 -1.68051e-38 -1.9963e-38 -2.63462e-39 4.8716e-39 3.37975e-39 -7.49907e-40 1.41353e-39 4.96901e-39 3.21097e-39 1.08324e-38 
3.9609e-39 4.32552e-39 2.00992e-38 -7.76234e-39 -1.68991e-38 -1.89312e-38 -1.16484e-38 -3.07032e-39 6.26818e-39 1.14811e-38 1.23542e-38 1.2186e-38 4.03099e-39 -1.52486e-39 -2.95842e-39 1.24097e-39 1.65282e-39 -1.17713e-39 -4.84785e-39 -4.61713e-39 -2.84749e-39 -3.67013e-39 2.35354e-39 
1.69147e-39 -8.60261e-40 9.69285e-40 -7.87675e-39 -1.3174e-38 -1.38161e-38 -7.40224e-39 1.67799e-39 9.75986e-39 1.35529e-38 1.39831e-38 1.41394e-38 1.23053e-38 9.45948e-39 6.65829e-39 4.63022e-39 8.03166e-40 -4.07988e-39 -8.21861e-39 -9.59939e-39 -9.36422e-39 -1.00258e-38 -5.21331e-39 
-2.54104e-39 -5.30342e-39 -6.5055e-39 -9.85257e-39 -1.17134e-38 -9.9487e-39 -2.83277e-39 5.40962e-39 1.18134e-38 1.46664e-38 1.46e-38 1.51379e-38 1.58368e-38 1.44979e-38 1.12393e-38 6.8174e-39 9.05107e-40 -5.41261e-39 -9.75727e-39 -1.18295e-38 -1.2535e-38 -1.33325e-38 -9.3596e-39 
-4.36419e-39 -6.93253e-39 -8.09537e-39 -9.18731e-39 -8.97985e-39 -6.11517e-39 -1.25607e-40 6.31989e-39 1.08727e-38 1.25394e-38 1.19962e-38 1.25179e-38 1.41307e-38 1.3728e-38 1.11388e-38 6.67517e-39 1.03441e-39 -4.45409e-39 -8.38951e-39 -1.06683e-38 -1.18128e-38 -1.2386e-38 -9.44322e-39 
-3.02846e-39 -4.90232e-39 -5.49911e-39 -5.6229e-39 -4.89037e-39 -2.68522e-39 1.18458e-39 4.76922e-39 6.70186e-39 6.87884e-39 6.06034e-39 6.36332e-39 7.79288e-39 8.18546e-39 7.23128e-39 4.79177e-39 1.20025e-39 -2.41488e-39 -4.92409e-39 -6.49118e-39 -7.35867e-39 -7.57876e-39 -5.7663e-39 

