
-0.176052 
-0.176052 -0.176052 0.136931 
-0.178853 -0.178853 0.136931 0.136931 
-0.176778 -0.176778 0.127098 0.127098 
-0.1706 -0.1706 0.151826 0.151826 
-0.16375 -0.16375 0.17273 0.17273 
-0.158762 -0.158762 0.182999 0.182999 
-0.151747 -0.151747 0.18568 0.18568 
-0.131918 -0.202616 0.251086 0.178327 
-0.130494 -0.273313 -0.273313 0.323844 0.323844 0.170442 
-0.133567 -0.237602 -0.237602 0.335506 0.335506 0.167953 
-0.141095 -0.171462 -0.235397 0.361142 0.239769 0.159965 
-0.185946 -0.276748 -0.299333 -0.468586 -0.59802 -0.514943 -0.416953 -0.310275 -0.204183 -0.107676 0.0256591 0.139037 0.25401 0.381567 0.511449 0.684341 0.708682 0.610651 0.482514 0.321112 0.211003 
-0.21975 -0.383266 -0.517073 -0.63784 -0.59802 -0.514943 -0.416953 -0.310275 -0.204183 -0.107676 0.0256591 0.139037 0.25401 0.381567 0.511449 0.684341 0.672215 0.708682 0.738788 0.668317 0.501154 0.277885 
-0.212006 -0.357508 -0.455263 -0.516266 -0.509477 -0.454997 -0.376415 -0.282735 -0.185169 -0.0941232 0.028455 0.134732 0.241649 0.356888 0.464019 0.569043 0.623622 0.652657 0.64523 0.589094 0.468815 0.272662 
-0.194363 -0.319698 -0.391884 -0.423044 -0.415928 -0.377938 -0.318231 -0.242402 -0.157936 -0.0713105 0.02983 0.125031 0.220263 0.315446 0.400901 0.475931 0.524422 0.548873 0.548836 0.511803 0.416037 0.247349 
-0.174062 -0.282996 -0.340934 -0.362171 -0.353444 -0.321841 -0.272375 -0.208423 -0.134454 -0.0545411 0.0315162 0.116652 0.201199 0.281959 0.353763 0.413698 0.456076 0.480181 0.481904 0.448844 0.365634 0.217872 
-0.145786 -0.246694 -0.300059 -0.318092 -0.312613 -0.285631 -0.241534 -0.183915 -0.116567 -0.0431676 0.0335507 0.110944 0.187408 0.259671 0.32386 0.376537 0.414004 0.432854 0.428911 0.392225 0.309278 0.174918 
-0.0810745 -0.185247 -0.264671 -0.299711 -0.293904 -0.264331 -0.219843 -0.164701 -0.101941 -0.0341136 0.0359667 0.10728 0.177727 0.244414 0.304197 0.353771 0.389039 0.403305 0.382392 0.31509 0.205209 0.0814298 

