
-0.444079 -0.267671 -0.108231 0.0283125 0.1535 0.341011 
-1.06074 -0.769673 -0.515102 -0.444079 -0.267671 -0.108231 0.0283125 0.1535 0.341011 0.381757 0.575037 0.722501 0.981747 
-0.501398 -1.35079 -1.06074 -0.769673 -0.586124 -0.426898 -0.275195 -0.112964 0.0330121 0.163258 0.317183 0.422502 0.575037 0.722501 0.981747 1.2213 
-0.501398 -0.501398 -2.07758 -1.64084 -1.23723 -0.893866 -0.651422 -0.462439 -0.291298 -0.121361 0.0392902 0.191201 0.351324 0.501994 0.672287 0.878797 1.17554 1.46086 1.82061 
-0.687638 -1.7326 -2.51432 -1.83163 -1.36871 -0.993642 -0.721387 -0.503392 -0.310001 -0.126852 0.0498299 0.223521 0.401883 0.587314 0.795719 1.05188 1.39354 1.7586 2.18037 2.59092 1.31608 
-1.10084 -1.99584 -2.07711 -1.71618 -1.34959 -1.01841 -0.751961 -0.525431 -0.320598 -0.126487 0.0629545 0.252404 0.447708 0.655423 0.887959 1.16482 1.513 1.92681 2.41751 3.00147 2.20479 1.31608 
-0.944952 -1.51417 -1.67236 -1.51181 -1.25047 -0.984743 -0.745592 -0.526749 -0.320527 -0.121043 0.0761393 0.275278 0.481173 0.699471 0.938429 1.20964 1.52698 1.88298 2.23139 2.46918 2.29682 1.40014 
-0.752584 -1.18218 -1.33968 -1.29197 -1.12746 -0.925425 -0.719396 -0.515113 -0.31304 -0.112674 0.0876135 0.291227 0.501853 0.722759 0.957394 1.20966 1.48159 1.7539 1.97019 2.032 1.79219 1.13939 
-0.602387 -0.97519 -1.13035 -1.12734 -1.02545 -0.869587 -0.689992 -0.498661 -0.301626 -0.10306 0.0962386 0.299797 0.510885 0.730652 0.958206 1.19121 1.42246 1.62609 1.74885 1.72103 1.46248 0.904353 
-0.415298 -0.795939 -1.03138 -1.08763 -1.00714 -0.855987 -0.673725 -0.481078 -0.287521 -0.0936797 0.101372 0.301306 0.508844 0.725992 0.953543 1.18573 1.4067 1.58281 1.65574 1.54074 1.18705 0.630875 

