
-1.11929e-57 3.33524e-57 -7.09127e-57 -2.04557e-57 -3.5577e-58 3.24171e-58 5.00333e-58 6.7071e-58 1.00175e-57 9.37819e-58 -1.15793e-57 -1.65858e-57 -6.15778e-58 2.81012e-58 1.38502e-57 6.58723e-58 8.68082e-58 9.9839e-58 1.43467e-58 3.6095e-58 5.44918e-58 -5.00439e-59 
-1.11929e-57 3.33524e-57 -7.09127e-57 -2.04557e-57 -3.5577e-58 3.24171e-58 5.00333e-58 6.7071e-58 1.00175e-57 9.37819e-58 -1.15793e-57 -1.65858e-57 -6.15778e-58 2.81012e-58 1.38502e-57 6.58723e-58 8.68082e-58 9.9839e-58 1.43467e-58 3.6095e-58 5.44918e-58 -5.00439e-59 
6.62308e-58 3.04157e-58 -2.63683e-57 -1.58832e-57 -8.68519e-58 -4.04133e-58 -3.41175e-58 -2.22057e-58 -1.56555e-58 -1.48248e-58 -2.55139e-58 -4.10003e-58 2.66567e-58 1.09493e-57 2.01676e-57 2.22687e-57 2.05239e-57 1.80538e-57 1.58323e-57 1.25633e-57 8.32607e-58 4.59584e-58 
-1.23019e-58 -4.04143e-58 -1.44118e-57 -1.44735e-57 -1.24542e-57 -9.68113e-58 -7.37902e-58 -4.80475e-58 -2.91189e-58 -1.78895e-58 -9.06141e-59 1.52683e-59 4.63815e-58 1.05927e-57 1.58059e-57 1.76432e-57 1.71825e-57 1.56086e-57 1.37812e-57 1.10803e-57 7.54743e-58 4.10198e-58 
-2.29451e-58 -4.70294e-58 -8.75521e-58 -9.82615e-58 -9.03439e-58 -6.93803e-58 -4.46094e-58 -2.43785e-58 -1.32469e-58 -7.21172e-59 -3.8683e-59 1.54542e-59 2.06909e-58 4.80052e-58 7.28385e-58 8.46944e-58 8.52458e-58 7.80196e-58 6.96784e-58 5.75894e-58 4.04013e-58 2.24782e-58 
-9.88432e-59 -1.87133e-58 -2.73342e-58 -2.37263e-58 -8.91031e-59 1.18702e-58 2.65512e-58 3.14862e-58 2.63837e-58 1.48515e-58 7.37618e-60 -1.34634e-58 -2.271e-58 -2.68836e-58 -2.74293e-58 -2.82017e-58 -2.75019e-58 -2.23058e-58 -1.48898e-58 -8.59383e-59 -4.6779e-59 4.55367e-60 
7.23749e-59 1.82451e-58 3.2321e-58 5.16446e-58 7.38141e-58 9.24134e-58 9.95187e-58 9.111e-58 6.84992e-58 3.78154e-58 5.63998e-59 -2.7722e-58 -6.20797e-58 -9.21273e-58 -1.13312e-57 -1.23523e-57 -1.22625e-57 -1.11569e-57 -9.27815e-58 -7.01367e-58 -4.59907e-58 -1.99312e-58 
1.64141e-58 4.29899e-58 7.27978e-58 1.03276e-57 1.29786e-57 1.44343e-57 1.37918e-57 1.12062e-57 7.57313e-58 3.84416e-58 5.58818e-59 -2.89086e-58 -7.11549e-58 -1.15529e-57 -1.54728e-57 -1.80703e-57 -1.87208e-57 -1.74116e-57 -1.47422e-57 -1.12233e-57 -7.23424e-58 -3.12585e-58 

