
-6.06768e-77 1.80804e-76 -3.84419e-76 -1.10891e-76 -1.92863e-77 1.75733e-77 2.71231e-77 3.63593e-77 5.43048e-77 5.08393e-77 -6.27715e-77 -8.99117e-77 -3.33814e-77 1.52337e-77 7.50823e-77 3.57095e-77 4.70588e-77 5.41228e-77 7.77736e-78 1.95671e-77 2.95401e-77 -2.71288e-78 
-6.06768e-77 1.80804e-76 -3.84419e-76 -1.10891e-76 -1.92863e-77 1.75733e-77 2.71231e-77 3.63593e-77 5.43048e-77 5.08393e-77 -6.27715e-77 -8.99117e-77 -3.33814e-77 1.52337e-77 7.50823e-77 3.57095e-77 4.70588e-77 5.41228e-77 7.77736e-78 1.95671e-77 2.95401e-77 -2.71288e-78 
3.59038e-77 1.64884e-77 -1.42943e-76 -8.61031e-77 -4.70825e-77 -2.19081e-77 -1.84951e-77 -1.20378e-77 -8.48685e-78 -8.03653e-78 -1.38311e-77 -2.22263e-77 1.44507e-77 5.93561e-77 1.09329e-76 1.20719e-76 1.11261e-76 9.78696e-77 8.5827e-77 6.81057e-77 4.51357e-77 2.49141e-77 
-6.6689e-78 -2.19087e-77 -7.81266e-77 -7.84609e-77 -6.75143e-77 -5.24815e-77 -4.00018e-77 -2.60466e-77 -1.57854e-77 -9.69792e-78 -4.9122e-78 8.27695e-79 2.51435e-77 5.74233e-77 8.5684e-77 9.56438e-77 9.31463e-77 8.46146e-77 7.4708e-77 6.00663e-77 4.09147e-77 2.22369e-77 
-1.24386e-77 -2.54947e-77 -4.74621e-77 -5.32677e-77 -4.89755e-77 -3.76112e-77 -2.41828e-77 -1.32156e-77 -7.18114e-78 -3.90948e-78 -2.09701e-78 8.37775e-79 1.12166e-77 2.60237e-77 3.94858e-77 4.59129e-77 4.62118e-77 4.22945e-77 3.77727e-77 3.12193e-77 2.19016e-77 1.21855e-77 
-5.3583e-78 -1.01445e-77 -1.48179e-77 -1.28621e-77 -4.83029e-78 6.43486e-78 1.43935e-77 1.70687e-77 1.43026e-77 8.05102e-78 3.99863e-79 -7.29852e-78 -1.23111e-77 -1.45737e-77 -1.48694e-77 -1.52882e-77 -1.49088e-77 -1.2092e-77 -8.07176e-78 -4.65872e-78 -2.5359e-78 2.46855e-79 
3.92345e-78 9.8907e-78 1.75213e-77 2.79966e-77 4.00147e-77 5.00974e-77 5.39492e-77 4.93909e-77 3.71335e-77 2.04998e-77 3.05744e-78 -1.50281e-77 -3.36535e-77 -4.99423e-77 -6.14266e-77 -6.69622e-77 -6.64749e-77 -6.04817e-77 -5.0297e-77 -3.80212e-77 -2.49316e-77 -1.08047e-77 
8.89811e-78 2.33049e-77 3.94637e-77 5.5986e-77 7.03573e-77 7.82486e-77 7.47657e-77 6.0749e-77 4.1054e-77 2.08392e-77 3.02936e-78 -1.56714e-77 -3.85731e-77 -6.26281e-77 -8.38785e-77 -9.79594e-77 -1.01486e-76 -9.43883e-77 -7.99175e-77 -6.08418e-77 -3.92169e-77 -1.69453e-77 

