
-0.395974 
-0.395974 -0.277473 
-0.141445 -0.158972 -0.0294197 -0.167912 0.0301041 0.131366 0.0654274 -0.634107 -0.534301 -0.473765 -0.32899 0.00944043 
-0.028875 -0.000355828 0.100133 -0.167912 0.0301041 0.131366 0.0654274 0.164798 0.252332 0.28103 -0.219922 -0.634107 -0.43242 -0.534301 -0.473765 -0.21015 -0.0365406 -0.0928883 -0.117981 -0.0947544 -0.159338 -0.32899 0.00944043 
-0.0952444 -0.0383062 0.0200744 -0.0120491 0.0471085 0.099624 0.168157 0.264169 0.252332 0.28103 0.194263 -0.12973 -0.128851 -0.224456 -0.133892 0.0534657 -0.0365406 -0.0928883 -0.117981 -0.0947544 0.0103143 -0.15683 -0.12901 
-0.175311 -0.0975777 -0.0242753 0.0225924 0.0826913 0.134515 0.177299 0.205852 0.200149 0.181341 0.113928 0.00289196 -0.0469926 -0.0654245 -0.0132016 0.0422062 0.0205399 -0.0234494 -0.0668581 -0.0942891 -0.106211 -0.195105 -0.275304 
-0.263207 -0.16124 -0.0640518 0.024504 0.112578 0.171978 0.192343 0.190267 0.171083 0.140795 0.0951088 0.0455831 0.0221198 0.0265242 0.0638132 0.100862 0.0932505 0.0388771 -0.0332059 -0.101549 -0.169021 -0.274469 -0.422949 
-0.355139 -0.233971 -0.114729 0.00990488 0.142557 0.22599 0.224054 0.191714 0.156505 0.122095 0.0891331 0.065041 0.0618113 0.0841482 0.134592 0.191128 0.188733 0.100057 -0.0185633 -0.125804 -0.226165 -0.357122 -0.55597 
-0.424301 -0.299206 -0.173022 -0.0175766 0.162268 0.287003 0.270307 0.197217 0.143334 0.105064 0.0784938 0.0661055 0.0750639 0.114351 0.194528 0.291206 0.278689 0.152144 -0.0136553 -0.15822 -0.272349 -0.413767 -0.643678 
-0.411447 -0.304054 -0.19944 -0.0436932 0.145329 0.28962 0.29717 0.183906 0.11814 0.0791424 0.0563667 0.0486409 0.0609444 0.104574 0.203812 0.34067 0.301947 0.172744 0.000739991 -0.149198 -0.264257 -0.399537 -0.632121 
-0.258211 -0.208406 -0.134536 -0.0359437 0.086403 0.182601 0.214898 0.117022 0.0679636 0.0416495 0.0256702 0.0194811 0.0248849 0.0439805 0.120485 0.257811 0.23561 0.181434 0.0476706 -0.105728 -0.200494 -0.295765 -0.428486 

