
8.12083e-34 -4.66875e-33 -7.87617e-33 -4.02053e-33 -2.62411e-33 -1.05249e-33 -5.51191e-34 -6.85803e-35 8.19674e-34 3.47247e-33 1.59108e-33 -1.81442e-33 -2.1855e-33 -2.64296e-33 7.05386e-34 6.61763e-35 6.39778e-35 9.84406e-34 -1.70263e-34 1.0325e-34 9.29634e-34 6.49414e-34 
8.12083e-34 -4.66875e-33 -2.55743e-33 -7.87617e-33 -4.02053e-33 -2.62411e-33 -1.05249e-33 -5.51191e-34 -6.85803e-35 8.19674e-34 3.47247e-33 1.59108e-33 -1.81442e-33 -2.1855e-33 -2.64296e-33 7.05386e-34 6.61763e-35 6.39778e-35 9.84406e-34 -1.70263e-34 1.0325e-34 9.29634e-34 6.49414e-34 
-5.41073e-34 7.16434e-34 4.87263e-33 -1.77628e-33 -1.97769e-33 -1.80211e-33 -8.39513e-34 -3.45206e-34 3.31626e-34 7.42396e-34 9.38877e-34 9.85844e-34 -5.53741e-34 -1.10134e-33 -1.30829e-33 -1.72662e-34 3.19265e-34 2.21495e-34 -4.91459e-35 9.26369e-35 3.25649e-34 2.10434e-34 7.09913e-34 
2.59582e-34 2.83477e-34 1.31722e-33 -5.08713e-34 -1.1075e-33 -1.24068e-33 -7.63392e-34 -2.01217e-34 4.10792e-34 7.52423e-34 8.09646e-34 7.98623e-34 2.64175e-34 -9.99335e-35 -1.93883e-34 8.1328e-35 1.08319e-34 -7.71442e-35 -3.17709e-34 -3.02588e-34 -1.86613e-34 -2.40526e-34 1.54241e-34 
1.10853e-34 -5.63781e-35 6.35231e-35 -5.1621e-34 -8.6337e-34 -9.05455e-34 -4.85113e-34 1.09969e-34 6.39623e-34 8.882e-34 9.16397e-34 9.26642e-34 8.06443e-34 6.19936e-34 4.36358e-34 3.03446e-34 5.26363e-35 -2.67379e-34 -5.38615e-34 -6.29106e-34 -6.13694e-34 -6.57053e-34 -3.41659e-34 
-1.6653e-34 -3.47565e-34 -4.26344e-34 -6.45698e-34 -7.6765e-34 -6.51998e-34 -1.85648e-34 3.54525e-34 7.74201e-34 9.61179e-34 9.56824e-34 9.92079e-34 1.03788e-33 9.50136e-34 7.36578e-34 4.46785e-34 5.93171e-35 -3.54721e-34 -6.39452e-34 -7.75256e-34 -8.21496e-34 -8.73758e-34 -6.13391e-34 
-2.86011e-34 -4.5433e-34 -5.30538e-34 -6.021e-34 -5.88504e-34 -4.00764e-34 -8.23175e-36 4.1418e-34 7.12553e-34 8.21782e-34 7.86184e-34 8.20373e-34 9.26073e-34 8.99677e-34 7.29994e-34 4.37464e-34 6.77909e-35 -2.91903e-34 -5.49815e-34 -6.99158e-34 -7.74164e-34 -8.11727e-34 -6.18871e-34 
-1.98473e-34 -3.21278e-34 -3.6039e-34 -3.68502e-34 -3.20495e-34 -1.75979e-34 7.76327e-35 3.12555e-34 4.39213e-34 4.50812e-34 3.9717e-34 4.17027e-34 5.10714e-34 5.36443e-34 4.73909e-34 3.14034e-34 7.86598e-35 -1.58262e-34 -3.22705e-34 -4.25406e-34 -4.82258e-34 -4.96681e-34 -3.779e-34 

