
2.8851e-48 -1.65867e-47 -2.79818e-47 -1.42838e-47 -9.32272e-48 -3.73921e-48 -1.95823e-48 -2.43646e-49 2.91207e-48 1.23367e-47 5.65264e-48 -6.44611e-48 -7.76445e-48 -9.38969e-48 2.50603e-48 2.35105e-49 2.27295e-49 3.49731e-48 -6.04894e-49 3.66817e-49 3.30272e-48 2.30718e-48 
2.8851e-48 -1.65867e-47 -9.08582e-48 -2.79818e-47 -1.42838e-47 -9.32272e-48 -3.73921e-48 -1.95823e-48 -2.43646e-49 2.91207e-48 1.23367e-47 5.65264e-48 -6.44611e-48 -7.76445e-48 -9.38969e-48 2.50603e-48 2.35105e-49 2.27295e-49 3.49731e-48 -6.04894e-49 3.66817e-49 3.30272e-48 2.30718e-48 
-1.92228e-48 2.54528e-48 1.73111e-47 -6.31061e-48 -7.02616e-48 -6.40238e-48 -2.98255e-48 -1.22642e-48 1.17817e-48 2.63752e-48 3.33556e-48 3.50242e-48 -1.96728e-48 -3.91275e-48 -4.648e-48 -6.1342e-49 1.13426e-48 7.86908e-49 -1.74601e-49 3.29112e-49 1.15694e-48 7.47611e-49 2.52212e-48 
9.22219e-49 1.00711e-48 4.67972e-48 -1.80731e-48 -3.93464e-48 -4.40777e-48 -2.71211e-48 -7.14866e-49 1.45943e-48 2.67314e-48 2.87644e-48 2.83728e-48 9.38538e-49 -3.55035e-49 -6.88811e-49 2.88935e-49 3.84826e-49 -2.74071e-49 -1.12873e-48 -1.07501e-48 -6.62983e-49 -8.54519e-49 5.47975e-49 
3.93827e-49 -2.00295e-49 2.25679e-49 -1.83395e-48 -3.06731e-48 -3.21682e-48 -1.72347e-48 3.90687e-49 2.2724e-48 3.15552e-48 3.2557e-48 3.29209e-48 2.86506e-48 2.20246e-48 1.55025e-48 1.07806e-48 1.87002e-49 -9.49921e-49 -1.91355e-48 -2.23503e-48 -2.18028e-48 -2.33432e-48 -1.21382e-48 
-5.91632e-49 -1.2348e-48 -1.51468e-48 -2.29398e-48 -2.72724e-48 -2.31636e-48 -6.59555e-49 1.25952e-48 2.75051e-48 3.4148e-48 3.39932e-48 3.52457e-48 3.68728e-48 3.37556e-48 2.61685e-48 1.5873e-48 2.10737e-49 -1.26022e-48 -2.27179e-48 -2.75426e-48 -2.91854e-48 -3.10421e-48 -2.1792e-48 
-1.01612e-48 -1.6141e-48 -1.88485e-48 -2.13909e-48 -2.09079e-48 -1.4238e-48 -2.92451e-50 1.47146e-48 2.5315e-48 2.91955e-48 2.79309e-48 2.91455e-48 3.29007e-48 3.1963e-48 2.59346e-48 1.55418e-48 2.40842e-49 -1.03705e-48 -1.95333e-48 -2.48391e-48 -2.75038e-48 -2.88383e-48 -2.19867e-48 
-7.05118e-49 -1.14141e-48 -1.28036e-48 -1.30918e-48 -1.13863e-48 -6.25202e-49 2.75807e-49 1.11042e-48 1.5604e-48 1.60161e-48 1.41103e-48 1.48158e-48 1.81442e-48 1.90583e-48 1.68366e-48 1.11567e-48 2.79456e-49 -5.62259e-49 -1.14648e-48 -1.51135e-48 -1.71332e-48 -1.76457e-48 -1.34257e-48 

