
2.28581e-19 -1.31414e-18 -2.21695e-18 -1.13168e-18 -7.38622e-19 -2.96251e-19 -1.55147e-19 -1.93036e-20 2.30718e-19 9.77413e-19 4.47848e-19 -5.10713e-19 -6.15163e-19 -7.43928e-19 1.98549e-19 1.8627e-20 1.80082e-20 2.77086e-19 -4.79247e-20 2.90623e-20 2.61669e-19 1.82794e-19 
2.28581e-19 -1.31414e-18 -7.19853e-19 -2.21695e-18 -1.13168e-18 -7.38622e-19 -2.96251e-19 -1.55147e-19 -1.93036e-20 2.30718e-19 9.77413e-19 4.47848e-19 -5.10713e-19 -6.15163e-19 -7.43928e-19 1.98549e-19 1.8627e-20 1.80082e-20 2.77086e-19 -4.79247e-20 2.90623e-20 2.61669e-19 1.82794e-19 
-1.52299e-19 2.01658e-19 1.37152e-18 -4.99978e-19 -5.56669e-19 -5.07248e-19 -2.36302e-19 -9.71669e-20 9.33444e-20 2.08966e-19 2.6427e-19 2.77491e-19 -1.55864e-19 -3.1e-19 -3.68252e-19 -4.86002e-20 8.98652e-20 6.23453e-20 -1.38333e-20 2.6075e-20 9.1662e-20 5.92319e-20 1.99823e-19 
7.30657e-20 7.97918e-20 3.70765e-19 -1.4319e-19 -3.11734e-19 -3.49219e-19 -2.14876e-19 -5.66375e-20 1.15628e-19 2.11788e-19 2.27895e-19 2.24792e-19 7.43587e-20 -2.81288e-20 -5.45732e-20 2.28918e-20 3.04891e-20 -2.17142e-20 -8.94271e-20 -8.51709e-20 -5.25269e-20 -6.7702e-20 4.34151e-20 
3.12022e-20 -1.5869e-20 1.78802e-20 -1.453e-19 -2.43017e-19 -2.54863e-19 -1.36547e-19 3.09534e-20 1.80038e-19 2.50006e-19 2.57943e-19 2.60827e-19 2.26993e-19 1.74497e-19 1.22824e-19 8.54124e-20 1.48158e-20 -7.52605e-20 -1.51607e-19 -1.77078e-19 -1.72739e-19 -1.84944e-19 -9.61686e-20 
-4.68739e-20 -9.78309e-20 -1.20005e-19 -1.81748e-19 -2.16074e-19 -1.83521e-19 -5.22553e-20 9.97898e-20 2.17918e-19 2.70548e-19 2.69322e-19 2.79245e-19 2.92137e-19 2.6744e-19 2.07328e-19 1.25759e-19 1.66963e-20 -9.98451e-20 -1.7999e-19 -2.18215e-19 -2.31231e-19 -2.45941e-19 -1.72654e-19 
-8.05051e-20 -1.27883e-19 -1.49333e-19 -1.69476e-19 -1.65649e-19 -1.12805e-19 -2.31703e-21 1.16581e-19 2.00566e-19 2.31311e-19 2.21291e-19 2.30914e-19 2.60666e-19 2.53237e-19 2.05475e-19 1.23135e-19 1.90814e-20 -8.21635e-20 -1.54759e-19 -1.96795e-19 -2.17908e-19 -2.28481e-19 -1.74197e-19 
-5.58652e-20 -9.04318e-20 -1.01441e-19 -1.03724e-19 -9.02114e-20 -4.95336e-20 2.18517e-20 8.79765e-20 1.23627e-19 1.26892e-19 1.11793e-19 1.17383e-19 1.43753e-19 1.50995e-19 1.33394e-19 8.83926e-20 2.21408e-20 -4.45467e-20 -9.08334e-20 -1.19741e-19 -1.35743e-19 -1.39803e-19 -1.0637e-19 

