
2.9266 
2.9266 2.9266 3.11707 
2.75055 2.75055 3.11707 3.11707 
2.5717 2.5717 2.98014 2.98014 
2.39492 2.39492 2.85304 2.85304 
2.22432 2.22432 2.70122 2.70122 
2.06057 2.06057 2.52849 2.52849 
1.90181 1.90181 2.34549 2.34549 
1.75006 1.43323 1.83234 2.15981 
1.61814 1.11639 1.11639 1.50488 1.50488 1.98148 
1.48765 0.973571 0.973571 1.35148 1.35148 1.81104 
1.35408 0.869537 0.693299 1.00229 1.18393 1.64308 
1.21299 0.83917 0.517061 0.402151 -0.0737382 -0.263705 -0.374329 -0.4529 -0.492201 -0.495318 -0.589909 -0.548698 -0.548581 -0.557688 -0.518246 -0.515131 0.000491423 0.560667 0.820647 1.10412 1.48312 
1.02704 0.748368 0.494476 0.28724 -0.0737382 -0.263705 -0.374329 -0.4529 -0.492201 -0.495318 -0.589909 -0.548698 -0.548581 -0.557688 -0.518246 -0.515131 -0.366657 -0.055108 0.000491423 0.300688 0.659245 0.994014 1.27212 
0.807291 0.584852 0.360668 0.166473 -0.0339183 -0.180629 -0.276339 -0.346222 -0.38611 -0.398811 -0.456574 -0.43532 -0.433608 -0.430131 -0.388363 -0.342239 -0.218183 -0.110708 0.0305971 0.230217 0.492082 0.770744 0.99423 
0.595285 0.43935 0.262913 0.10547 -0.0271292 -0.126148 -0.197757 -0.252542 -0.288544 -0.307765 -0.333996 -0.329043 -0.326691 -0.314893 -0.281232 -0.237215 -0.163604 -0.0816726 0.0231702 0.174081 0.371803 0.574591 0.721568 
0.400922 0.314015 0.190727 0.0743095 -0.0200134 -0.0881583 -0.13805 -0.176712 -0.204078 -0.221139 -0.232856 -0.233842 -0.231459 -0.21971 -0.195777 -0.162185 -0.115113 -0.0572209 0.0231325 0.137048 0.276037 0.405902 0.474219 
0.22686 0.205081 0.132789 0.0530727 -0.0112862 -0.0565551 -0.088584 -0.112761 -0.130109 -0.141226 -0.146798 -0.148707 -0.146912 -0.13895 -0.123973 -0.10225 -0.0727345 -0.0331158 0.0248555 0.103988 0.192828 0.25814 0.256348 
0.0810744 0.104172 0.0794243 0.0350394 -0.0058074 -0.0295725 -0.0444877 -0.055142 -0.06276 -0.0678278 -0.0700804 -0.0713138 -0.0704468 -0.0666866 -0.0597836 -0.0495737 -0.0352676 -0.014266 0.0209129 0.0673017 0.109881 0.12378 0.08143 

