
-7.33538e-53 2.18578e-52 -4.64734e-52 -1.34058e-52 -2.33157e-53 2.12448e-53 3.27898e-53 4.39557e-53 6.56505e-53 6.14609e-53 -7.58861e-53 -1.08697e-52 -4.03556e-53 1.84164e-53 9.0769e-53 4.31701e-53 5.68906e-53 6.54305e-53 9.40225e-54 2.36552e-53 3.57118e-53 -3.27968e-54 
-7.33538e-53 2.18578e-52 -4.64734e-52 -1.34058e-52 -2.33157e-53 2.12448e-53 3.27898e-53 4.39557e-53 6.56505e-53 6.14609e-53 -7.58861e-53 -1.08697e-52 -4.03556e-53 1.84164e-53 9.0769e-53 4.31701e-53 5.68906e-53 6.54305e-53 9.40225e-54 2.36552e-53 3.57118e-53 -3.27968e-54 
4.3405e-53 1.99332e-53 -1.72808e-52 -1.04092e-52 -5.69193e-53 -2.64852e-53 -2.23592e-53 -1.45528e-53 -1.026e-53 -9.71557e-54 -1.67208e-53 -2.687e-53 1.74698e-53 7.17571e-53 1.3217e-52 1.4594e-52 1.34506e-52 1.18317e-52 1.03759e-52 8.23347e-53 5.45657e-53 3.01193e-53 
-8.0622e-54 -2.64859e-53 -9.44492e-53 -9.48534e-53 -8.16198e-53 -6.34463e-53 -4.83592e-53 -3.14884e-53 -1.90834e-53 -1.17241e-53 -5.93849e-54 1.00062e-54 3.03966e-53 6.94205e-53 1.03586e-52 1.15626e-52 1.12607e-52 1.02293e-52 9.03164e-53 7.26156e-53 4.94628e-53 2.68827e-53 
-1.50373e-53 -3.08212e-53 -5.73781e-53 -6.43967e-53 -5.92078e-53 -4.54691e-53 -2.92352e-53 -1.59767e-53 -8.68146e-54 -4.72627e-54 -2.53513e-54 1.01281e-54 1.356e-53 3.14607e-53 4.77354e-53 5.55054e-53 5.58667e-53 5.1131e-53 4.56644e-53 3.77418e-53 2.64774e-53 1.47313e-53 
-6.47779e-54 -1.2264e-53 -1.79137e-53 -1.55493e-53 -5.83946e-54 7.77926e-54 1.74006e-53 2.06348e-53 1.72908e-53 9.73309e-54 4.83405e-55 -8.82337e-54 -1.48832e-53 -1.76185e-53 -1.7976e-53 -1.84823e-53 -1.80237e-53 -1.46183e-53 -9.75816e-54 -5.63205e-54 -3.06571e-54 2.98429e-55 
4.74316e-54 1.19571e-53 2.11819e-53 3.38458e-53 4.83748e-53 6.05641e-53 6.52206e-53 5.97099e-53 4.48916e-53 2.47827e-53 3.69622e-54 -1.81679e-53 -4.06846e-53 -6.03766e-53 -7.42602e-53 -8.09523e-53 -8.03633e-53 -7.31179e-53 -6.08053e-53 -4.59648e-53 -3.01405e-53 -1.30621e-53 
1.07572e-53 2.81739e-53 4.77087e-53 6.76829e-53 8.50568e-53 9.45968e-53 9.03861e-53 7.3441e-53 4.96313e-53 2.51931e-53 3.66227e-54 -1.89455e-53 -4.66321e-53 -7.57128e-53 -1.01403e-52 -1.18426e-52 -1.22689e-52 -1.14108e-52 -9.66143e-53 -7.35532e-53 -4.74103e-53 -2.04856e-53 

