
-0.397456 0.120636 0.360316 -0.584574 -0.0718099 -0.0199933 0.217683 0.388791 -0.502639 -0.264637 0.249267 -0.161566 -0.10359 -0.0830014 0.214106 -0.266955 -0.22457 0.101153 
-0.397456 0.120636 0.360316 -0.584574 -0.0718099 -0.0199933 0.217683 0.388791 0.185054 -0.0348428 -0.218561 -0.502639 -0.264637 0.249267 0.0679295 -0.161566 -0.10359 -0.0830015 0.214106 -0.266955 -0.224571 0.101153 
-0.0824299 0.0023733 -0.00232396 -0.236002 -0.0333145 0.0476009 0.0703304 0.132699 -0.018684 -0.0348428 0.0655165 -0.0463222 -0.0918324 -0.0186347 0.116087 -0.0446303 -0.07974 0.00172643 0.00824344 -0.0800758 -0.0495876 0.0311853 
-0.0404576 -0.0272327 -0.0393527 -0.0933994 -0.0307302 0.00338026 0.0165532 0.0178884 -0.00925447 -0.00129156 0.00440874 -0.0121768 -0.0202141 0.00471501 0.0424937 0.00589344 -0.00733627 -0.00925893 -0.0153319 -0.0381609 -0.0241007 -0.00838526 
-0.0232092 -0.0297411 -0.0394168 -0.0513372 -0.0308143 -0.01528 -0.00692927 -0.00694443 -0.0128841 -0.00402663 -0.00100531 -0.00312732 -0.00171889 0.00957161 0.0222976 0.0132549 0.00435994 -0.00338855 -0.0106787 -0.0190714 -0.0162591 -0.00803486 
-0.015097 -0.0240181 -0.0305159 -0.0323359 -0.0226475 -0.0121484 -0.00514 -0.00290554 -0.00364237 -0.00140498 -0.00155026 -0.00355714 -0.00470053 -0.00284068 -0.000694769 -0.00434756 -0.00894919 -0.0129031 -0.0155377 -0.0165476 -0.0135541 -0.00723532 
-0.00988691 -0.0155295 -0.0176174 -0.0150006 -0.00626894 0.00398264 0.0115644 0.0131704 0.0102346 0.00608859 0.000686876 -0.00567707 -0.0120451 -0.017785 -0.0233504 -0.0289416 -0.0318491 -0.0312884 -0.0280451 -0.022838 -0.0156971 -0.00742013 
-0.006885 -0.00861967 -0.00639765 -0.00014624 0.0098 0.0199128 0.0254348 0.0240693 0.0178555 0.00985918 0.00181815 -0.00608736 -0.0147591 -0.0243062 -0.0340701 -0.0423459 -0.0462863 -0.0444258 -0.0378764 -0.0284062 -0.0173844 -0.00673272 

