
9.81748e-10 -5.64417e-09 -9.52171e-09 -4.86052e-09 -3.17236e-09 -1.27239e-09 -6.6635e-10 -8.29084e-11 9.90925e-10 4.19796e-09 1.92349e-09 -2.1935e-09 -2.6421e-09 -3.19515e-09 8.52759e-10 8.00022e-11 7.73445e-11 1.19007e-09 -2.05835e-10 1.24821e-10 1.12386e-09 7.85093e-10 
9.81748e-10 -5.64417e-09 -3.09174e-09 -9.52171e-09 -4.86052e-09 -3.17236e-09 -1.27239e-09 -6.6635e-10 -8.29084e-11 9.90925e-10 4.19796e-09 1.92349e-09 -2.1935e-09 -2.6421e-09 -3.19515e-09 8.52759e-10 8.00022e-11 7.73445e-11 1.19007e-09 -2.05835e-10 1.24821e-10 1.12386e-09 7.85093e-10 
-6.54117e-10 8.66115e-10 5.89065e-09 -2.14739e-09 -2.39088e-09 -2.17862e-09 -1.01491e-09 -4.17329e-10 4.00911e-10 8.97501e-10 1.13503e-09 1.19181e-09 -6.69432e-10 -1.33144e-09 -1.58163e-09 -2.08736e-10 3.85968e-10 2.67771e-10 -5.94137e-11 1.11991e-10 3.93685e-10 2.54399e-10 8.58232e-10 
3.13815e-10 3.42703e-10 1.59243e-09 -6.14996e-10 -1.33889e-09 -1.49989e-09 -9.22885e-10 -2.43256e-10 4.96617e-10 9.09624e-10 9.78802e-10 9.65476e-10 3.19368e-10 -1.20812e-10 -2.3439e-10 9.83195e-11 1.3095e-10 -9.32616e-11 -3.84086e-10 -3.65806e-10 -2.25601e-10 -2.90778e-10 1.86466e-10 
1.34012e-10 -6.81569e-11 7.67947e-11 -6.2406e-10 -1.04375e-09 -1.09463e-09 -5.86466e-10 1.32944e-10 7.73256e-10 1.07377e-09 1.10786e-09 1.12024e-09 9.7493e-10 7.49457e-10 5.27524e-10 3.66844e-10 6.36334e-11 -3.23241e-10 -6.51146e-10 -7.60542e-10 -7.4191e-10 -7.94328e-10 -4.13041e-10 
-2.01322e-10 -4.2018e-10 -5.15419e-10 -7.80601e-10 -9.28032e-10 -7.88217e-10 -2.24435e-10 4.28594e-10 9.35952e-10 1.16199e-09 1.15673e-09 1.19935e-09 1.25472e-09 1.14864e-09 8.90468e-10 5.4013e-10 7.171e-11 -4.28832e-10 -7.73051e-10 -9.37227e-10 -9.93127e-10 -1.05631e-09 -7.41544e-10 
-3.45767e-10 -5.49251e-10 -6.41381e-10 -7.27894e-10 -7.11457e-10 -4.84494e-10 -9.95158e-12 5.00713e-10 8.61423e-10 9.93473e-10 9.50438e-10 9.9177e-10 1.11955e-09 1.08764e-09 8.82508e-10 5.28861e-10 8.19541e-11 -3.52889e-10 -6.64685e-10 -8.4523e-10 -9.35907e-10 -9.81318e-10 -7.48169e-10 
-2.39939e-10 -3.88402e-10 -4.35684e-10 -4.45492e-10 -3.87455e-10 -2.12745e-10 9.38522e-11 3.77856e-10 5.30976e-10 5.44998e-10 4.80149e-10 5.04154e-10 6.17415e-10 6.48519e-10 5.72921e-10 3.79643e-10 9.50939e-11 -1.91327e-10 -3.90126e-10 -5.14285e-10 -5.83014e-10 -6.00451e-10 -4.56854e-10 

