
-3.00567 
-3.00567 -3.00567 
-3.03101 -3.03101 
-3.06148 -3.06148 
-0.850093 -3.1035 -3.1035 
-4.03224 -0.502207 -0.647266 -0.743706 -0.850093 -0.673202 -0.310606 -0.376951 -3.15733 -3.15733 
-4.03224 -4.03224 -0.163109 -0.138372 -0.28928 -0.502207 -0.647266 -0.637319 -0.586866 -0.49631 -0.310606 -0.376951 -0.197357 -0.177716 -0.299531 -3.22398 -3.22398 
-4.0363 -4.03629 -0.149553 -0.163109 -0.138372 -0.076353 -0.280619 -0.432904 -0.441872 -0.389728 -0.351294 -0.225906 -0.164774 -0.0177638 -0.177716 -0.299531 -0.279958 -0.182558 -3.29679 -3.29679 
-4.04058 -4.04058 -0.135996 -0.135996 -0.109796 -0.0760424 -0.061534 -0.155075 -0.249118 -0.281766 -0.259754 -0.219952 -0.140325 -0.0738271 -0.0155013 -0.0750487 -0.1912 -0.260385 -0.182558 -0.105875 -3.37659 -3.37659 
-4.04429 -4.04429 -0.0163431 -0.115814 -0.0100248 0.0214112 0.0100084 -0.0548335 -0.125922 -0.171657 -0.174243 -0.135697 -0.0795935 -0.0191615 0.0302521 0.0239115 -0.0459218 -0.116173 -0.121822 -0.0291933 -1.74607 -3.46295 
-4.04394 -4.04394 0.0831278 0.0831278 0.0242866 0.120022 0.121764 0.0782584 0.0147048 -0.0467427 -0.092595 -0.10412 -0.0749553 -0.0329941 0.0238754 0.0801157 0.113198 0.106043 0.0300626 -0.0786589 -0.147807 -1.83933 -3.53086 
-4.02914 -4.02914 0.146331 0.146331 0.216508 0.24974 0.202728 0.128631 0.0569042 0.000520888 -0.0371697 -0.048148 -0.0284501 0.00387455 0.0555232 0.117583 0.180229 0.227822 0.210993 0.0399154 -0.124823 -1.87083 -3.61683 
-3.97068 -3.97068 0.329472 0.329472 0.41442 0.362055 0.258673 0.15753 0.0795757 0.0276199 -0.0028683 -0.0124677 0.000679804 0.028697 0.0751116 0.138859 0.221268 0.314959 0.36915 0.239933 -0.0787008 -1.87383 -3.66895 
-3.68352 -3.68352 0.434871 0.579997 0.552876 0.415641 0.271758 0.159328 0.0840357 0.0380483 0.0119486 0.00265822 0.0119447 0.0367844 0.0781491 0.138785 0.227112 0.348814 0.479624 0.535345 0.358861 -0.976638 -3.21762 
-3.0551 -0.896569 0.289744 0.626582 0.549375 0.370808 0.224042 0.127432 0.0682657 0.0326094 0.0112452 0.00215314 0.00840036 0.0288501 0.0623966 0.110871 0.182273 0.289512 0.437755 0.596854 0.629435 -0.0711567 -2.35096 
-1.52416 0.0756522 0.351278 0.403448 0.309988 0.194933 0.11453 0.0656445 0.0355276 0.0158688 0.00227572 -0.00490139 -0.00176228 0.0114407 0.0318823 0.0589543 0.0958061 0.149437 0.225033 0.302491 0.283893 -0.0866985 -1.11055 

