
-1.7079e-62 5.08917e-62 -1.08204e-61 -3.12129e-62 -5.42862e-63 4.94645e-63 7.63448e-63 1.02342e-62 1.52854e-62 1.431e-62 -1.76686e-62 -2.53079e-62 -9.39603e-63 4.2879e-63 2.11338e-62 1.00513e-62 1.32459e-62 1.52342e-62 2.18913e-63 5.50766e-63 8.31479e-63 -7.63609e-64 
-1.7079e-62 5.08917e-62 -1.08204e-61 -3.12129e-62 -5.42862e-63 4.94645e-63 7.63448e-63 1.02342e-62 1.52854e-62 1.431e-62 -1.76686e-62 -2.53079e-62 -9.39603e-63 4.2879e-63 2.11338e-62 1.00513e-62 1.32459e-62 1.52342e-62 2.18913e-63 5.50766e-63 8.31479e-63 -7.63609e-64 
1.0106e-62 4.64106e-63 -4.02349e-62 -2.42359e-62 -1.32525e-62 -6.16657e-63 -5.20591e-63 -3.38833e-63 -2.38884e-63 -2.26208e-63 -3.89311e-63 -6.25615e-63 4.0675e-63 1.67073e-62 3.07733e-62 3.39793e-62 3.13171e-62 2.75478e-62 2.41582e-62 1.91701e-62 1.27046e-62 7.0127e-63 
-1.87713e-63 -6.16674e-63 -2.19907e-62 -2.20848e-62 -1.90036e-62 -1.47722e-62 -1.12595e-62 -7.33147e-63 -4.4432e-63 -2.72972e-63 -1.38266e-63 2.32975e-64 7.07725e-63 1.61632e-62 2.41179e-62 2.69213e-62 2.62183e-62 2.38169e-62 2.10284e-62 1.69071e-62 1.15165e-62 6.25913e-63 
-3.50114e-63 -7.17612e-63 -1.33594e-62 -1.49935e-62 -1.37854e-62 -1.05866e-62 -6.80686e-63 -3.71987e-63 -2.02131e-63 -1.10042e-63 -5.90255e-64 2.35813e-64 3.15718e-63 7.32501e-63 1.11143e-62 1.29233e-62 1.30075e-62 1.19049e-62 1.06321e-62 8.78745e-63 6.16475e-63 3.42991e-63 
-1.50823e-63 -2.85543e-63 -4.17086e-63 -3.62035e-63 -1.35961e-63 1.81125e-63 4.0514e-63 4.80441e-63 4.02583e-63 2.26616e-63 1.12552e-64 -2.05435e-63 -3.46527e-63 -4.10212e-63 -4.18537e-63 -4.30324e-63 -4.19646e-63 -3.4036e-63 -2.272e-63 -1.31131e-63 -7.13791e-64 6.94834e-65 
1.10435e-63 2.78398e-63 4.93179e-63 7.88035e-63 1.12631e-62 1.41012e-62 1.51854e-62 1.39023e-62 1.04522e-62 5.77017e-63 8.60593e-64 -4.23004e-63 -9.47261e-63 -1.40575e-62 -1.72901e-62 -1.88482e-62 -1.8711e-62 -1.70241e-62 -1.41573e-62 -1.0702e-62 -7.01762e-63 -3.04125e-63 
2.5046e-63 6.55974e-63 1.11081e-62 1.57586e-62 1.98038e-62 2.2025e-62 2.10447e-62 1.70993e-62 1.15557e-62 5.86572e-63 8.52688e-64 -4.41109e-63 -1.08574e-62 -1.76283e-62 -2.36097e-62 -2.75731e-62 -2.85657e-62 -2.65679e-62 -2.24948e-62 -1.71254e-62 -1.10386e-62 -4.76968e-63 

