
-0.0226832 -0.120197 -0.654172 0.0243174 -0.413573 -0.288131 -0.210521 -0.348262 -0.485324 -0.263402 
-0.0226832 -0.120197 -0.0252294 -0.108446 0.0115944 -0.232357 -0.654172 0.0243174 -0.413573 -0.221212 -0.288131 -0.137412 0.0424745 -0.0874202 -0.210521 -0.348262 -0.485324 -0.2053 -0.263402 -0.0402487 0.0165165 -0.110146 -0.0261534 
0.0118971 0.0281386 0.0697383 -0.108446 0.0115944 0.189457 -0.113384 -0.0675194 -0.0755265 0.0380673 -0.0378413 0.0133062 0.0424745 0.0356807 -0.0451418 -0.0606405 -0.141466 0.132825 0.01367 0.182905 0.0165165 -0.110146 -0.0261534 
0.023879 0.0155301 0.0168539 -0.0204513 0.00533823 0.043685 -0.0344714 -0.0349593 -0.0299245 -0.00745005 -0.00394043 -0.00501536 0.0180065 0.0146072 -0.0111552 -0.0238283 -0.0304794 0.0275177 0.0357544 0.0507139 0.0243274 -0.0389457 -0.0355756 
0.0210088 0.0104239 0.00652107 -0.00513589 -0.00388378 -0.000648895 -0.0177535 -0.0176679 -0.0121811 -0.00250585 0.00380403 0.00181755 0.0133904 0.0125117 0.00173093 -0.00696123 -0.00925631 0.00573736 0.0138638 0.0157804 0.00755132 -0.016155 -0.0219971 
0.0134656 0.00500144 5.99148e-05 -0.00579685 -0.0102443 -0.0114208 -0.0137012 -0.00775337 -0.000373896 0.00602815 0.00950972 0.0107295 0.0153812 0.0156587 0.0106223 0.00333428 -0.0028352 -0.00301782 -0.00177623 -0.00181842 -0.00549239 -0.0129738 -0.0125914 
0.00689015 -2.66379e-05 -0.00413943 -0.00779752 -0.0113708 -0.0121204 -0.00917526 -0.000953755 0.00601856 0.00995219 0.0111928 0.0120414 0.01458 0.0156214 0.01332 0.00775491 0.000227099 -0.00545825 -0.00780286 -0.00885398 -0.0104762 -0.0118122 -0.00761799 
0.00254087 -0.00187142 -0.00426156 -0.00607649 -0.00744284 -0.00693718 -0.00341919 0.00186895 0.00558479 0.00707282 0.00684195 0.00675837 0.0083014 0.00948903 0.00891317 0.00618466 0.00155719 -0.00321709 -0.00595642 -0.00725357 -0.00796225 -0.00753092 -0.00319174 

