
0.153588 0.262604 -0.469634 0.0689084 0.281844 0.248865 0.0262633 0.243465 -0.198301 -0.0812635 0.147932 0.356554 -0.160282 
0.153588 0.262604 -0.0407349 -0.469634 0.0689084 0.281844 0.248865 0.0262633 0.243465 0.184075 0.0773133 -0.00436374 0.0460398 0.0161379 -0.0437163 -0.144056 -0.198301 -0.0812635 0.147932 0.356554 0.0809058 -0.160282 
0.0935883 0.115693 0.0848255 -0.0730391 -0.039288 -0.0268098 0.0317075 0.00963016 -0.00983561 0.124685 0.0773133 -0.00436374 0.0460398 0.0161379 -0.0437163 -0.0898099 -0.0395124 0.0191761 0.0623405 0.0721338 0.0464456 0.0054959 
0.0354875 0.0445618 0.0201165 -0.0313989 -0.0205178 -0.00931407 0.00590935 -0.00243973 -0.00193595 0.0442459 0.0431461 0.0333659 0.0456336 0.0246877 0.00568039 -0.0104007 0.00785596 0.0201499 0.0336196 0.0366503 0.0157701 -0.000120486 
0.0107178 0.0128833 -0.000171626 -0.0186114 -0.0110352 -0.00851549 -0.00544486 -0.00614553 0.000692762 0.0240159 0.0306508 0.0339183 0.0359018 0.0276579 0.0208033 0.0152077 0.0188457 0.0214413 0.0232831 0.0205152 0.0107543 0.00105389 
0.00277803 0.00246447 -0.00289632 -0.00803518 -0.00386371 -0.000294805 0.00321788 0.00595544 0.0111679 0.0209635 0.0250824 0.0257047 0.0231989 0.0169889 0.0113652 0.0074846 0.00773188 0.00907398 0.0104526 0.00975208 0.00601402 0.0019278 
0.00134914 0.00274263 0.00302297 0.00453067 0.0102908 0.0169671 0.0226327 0.0250155 0.0255956 0.02604 0.0240499 0.0194183 0.0122954 0.00317418 -0.00561899 -0.0116369 -0.0126711 -0.00970691 -0.00515599 -0.00141654 0.000410557 0.000882036 
0.00193624 0.00624572 0.0110791 0.0170628 0.0250973 0.0330077 0.0375329 0.0371201 0.0336712 0.029129 0.0238258 0.0172467 0.00819948 -0.00302702 -0.0142951 -0.0226468 -0.0254696 -0.0224511 -0.0159251 -0.00874606 -0.00274606 0.000917102 

