
6.71739e-58 -3.8619e-57 -6.51502e-57 -3.32571e-57 -2.17062e-57 -8.70603e-58 -4.55935e-58 -5.67283e-59 6.78018e-58 2.87236e-57 1.31611e-57 -1.50085e-57 -1.8078e-57 -2.18621e-57 5.83482e-58 5.47397e-59 5.29212e-59 8.14281e-58 -1.40838e-58 8.54063e-59 7.68975e-58 5.37182e-58 
6.71739e-58 -3.8619e-57 -2.11546e-57 -6.51502e-57 -3.32571e-57 -2.17062e-57 -8.70603e-58 -4.55935e-58 -5.67283e-59 6.78018e-58 2.87236e-57 1.31611e-57 -1.50085e-57 -1.8078e-57 -2.18621e-57 5.83482e-58 5.47397e-59 5.29212e-59 8.14281e-58 -1.40838e-58 8.54063e-59 7.68975e-58 5.37182e-58 
-4.47565e-58 5.9262e-58 4.03054e-57 -1.4693e-57 -1.6359e-57 -1.49067e-57 -6.94429e-58 -2.85548e-58 2.74315e-58 6.14095e-58 7.76621e-58 8.15471e-58 -4.58044e-58 -9.11008e-58 -1.0822e-57 -1.42823e-58 2.6409e-58 1.83216e-58 -4.06525e-59 7.66274e-59 2.6937e-58 1.74067e-58 5.87226e-58 
2.14721e-58 2.34487e-58 1.08958e-57 -4.20798e-58 -9.16104e-58 -1.02626e-57 -6.31463e-58 -1.66443e-58 3.39799e-58 6.2239e-58 6.69724e-58 6.60605e-58 2.1852e-58 -8.2663e-59 -1.60376e-58 6.72729e-59 8.95993e-59 -6.38122e-59 -2.62803e-58 -2.50295e-58 -1.54363e-58 -1.98958e-58 1.27585e-58 
9.1695e-59 -4.66349e-59 5.2545e-59 -4.26999e-58 -7.14163e-58 -7.48975e-58 -4.01276e-58 9.09639e-59 5.29083e-58 7.34702e-58 7.58026e-58 7.665e-58 6.67074e-58 5.12799e-58 3.60946e-58 2.51005e-58 4.35397e-59 -2.21171e-58 -4.45532e-58 -5.20384e-58 -5.07636e-58 -5.43501e-58 -2.82614e-58 
-1.3775e-58 -2.87499e-58 -3.52664e-58 -5.34109e-58 -6.34985e-58 -5.3932e-58 -1.53565e-58 2.93256e-58 6.40404e-58 7.95069e-58 7.91466e-58 8.20629e-58 8.58512e-58 7.85934e-58 6.09283e-58 3.69572e-58 4.9066e-59 -2.93418e-58 -5.28943e-58 -6.41277e-58 -6.79525e-58 -7.22755e-58 -5.07385e-58 
-2.36583e-58 -3.75813e-58 -4.38851e-58 -4.98045e-58 -4.86799e-58 -3.31504e-58 -6.80915e-60 3.42602e-58 5.8941e-58 6.79762e-58 6.50316e-58 6.78596e-58 7.66029e-58 7.44196e-58 6.03837e-58 3.61862e-58 5.60753e-59 -2.41457e-58 -4.54796e-58 -5.7833e-58 -6.40374e-58 -6.71445e-58 -5.11918e-58 
-1.64173e-58 -2.65755e-58 -2.98107e-58 -3.04818e-58 -2.65107e-58 -1.45566e-58 6.42163e-59 2.5854e-58 3.63308e-58 3.72903e-58 3.28532e-58 3.44956e-58 4.22453e-58 4.43735e-58 3.92008e-58 2.59763e-58 6.50659e-59 -1.30911e-58 -2.66935e-58 -3.51888e-58 -3.98914e-58 -4.10845e-58 -3.12592e-58 

