
0.152903 
0.152903 0.152903 
0.167664 0.167664 
-0.0456035 0.175567 0.175567 
-0.0456035 -0.0456035 0.186117 0.186117 
-0.0570837 -0.0570837 0.190645 0.190645 
-0.0744888 -0.0744888 0.175544 
-0.0928656 -0.0928656 0.160443 0.160443 
-0.107213 -0.107213 0.152091 0.152091 
-0.115928 -0.115928 0.14407 0.14407 
-0.121511 -0.121511 -0.189942 -0.190774 -0.148755 0.136086 0.136086 
-0.125121 -0.125121 -0.189942 -0.189942 -0.190774 -0.148755 -0.0759842 0.128364 0.128364 
-0.118692 -0.118692 -0.169225 -0.198516 -0.152552 -0.117516 -0.00321313 0.0227797 0.105163 
-0.103691 -0.103691 -0.139363 -0.104162 -0.139934 -0.0986744 -0.0590818 -0.0697392 -0.0188762 0.0487726 -0.0596089 -0.151371 -0.0809582 -0.00358188 0.0819627 0.0819627 
-0.0691529 -0.0691529 0.074612 -0.0573618 -0.139363 -0.0683899 0.0164728 0.03552 0.0203373 -0.0318737 -0.065074 -0.10275 -0.16799 -0.151371 -0.0809582 -0.00358188 -0.00358188 0.031462 0.031462 
0.0153168 0.0153168 0.248571 0.074612 0.0246396 0.0839841 0.0992644 0.104482 0.0836227 0.0455719 -0.00538527 -0.0606884 -0.12635 -0.183657 -0.188053 -0.117623 0.0756137 -0.140195 -0.466687 -0.0997727 -0.0997727 
0.238121 0.238121 0.483126 0.42253 0.368836 0.334946 0.292757 0.230204 0.160812 0.0980522 0.0489236 0.0034544 -0.0492125 -0.115614 -0.189683 -0.257849 -0.299705 -0.295171 -0.356004 -0.466687 -0.509959 -0.448892 
0.851331 0.864124 0.543723 0.637378 0.608532 0.49808 0.37777 0.271329 0.181245 0.108512 0.0526611 0.00125053 -0.0571626 -0.119767 -0.193154 -0.28196 -0.388808 -0.531695 -0.730568 -0.832564 -0.614298 -1.10993 
0.963105 1.19732 0.990288 0.819816 0.661111 0.512817 0.387102 0.284266 0.198633 0.125592 0.0612465 -0.000536074 -0.0658684 -0.132216 -0.204664 -0.288865 -0.38984 -0.517498 -0.67201 -0.802228 -0.834638 -0.800776 
0.68217 0.912672 0.845209 0.717799 0.589122 0.474014 0.374149 0.287285 0.209248 0.136668 0.0673691 -0.00129504 -0.0713732 -0.141206 -0.212306 -0.286188 -0.364162 -0.446946 -0.528061 -0.584145 -0.573369 -0.423466 
0.376218 0.585136 0.623118 0.583881 0.516341 0.439327 0.361116 0.284758 0.210447 0.137829 0.0667709 -0.00354964 -0.07412 -0.143998 -0.213089 -0.279992 -0.342032 -0.394608 -0.428424 -0.427078 -0.36471 -0.216183 
0.245943 0.437459 0.521298 0.524987 0.479562 0.410795 0.333816 0.255841 0.180498 0.110539 0.0475397 -0.00976912 -0.0661207 -0.126322 -0.192113 -0.261267 -0.327888 -0.381654 -0.407107 -0.385927 -0.305451 -0.163506 

