
-1.30621 
-1.30621 -1.30621 
-1.45911 -1.45911 
-2.34085 -1.62677 -1.62677 
-2.34085 -2.34085 -1.80234 -1.80234 
-2.38646 -2.38646 -1.98846 -1.98846 
-2.44354 -2.44354 -2.1791 -2.1791 
-2.51803 -2.51803 -2.34044 -2.34044 
-2.61089 -2.61089 -2.50089 -2.50089 
-2.71811 -2.71811 -2.65298 -2.65298 
-2.83404 -2.83404 0.341188 0.391727 -2.79705 -2.79705 
-2.95555 -2.95555 0.341188 0.341188 0.391727 0.344238 -2.93313 -2.93313 
-3.08067 -3.08067 0.362299 0.340357 0.433745 0.29675 0.363852 -3.0615 -3.0615 
-3.19936 -3.19936 0.426772 0.383481 0.384242 0.386322 0.468782 0.411053 0.430955 0.489693 0.438888 0.315472 0.184522 -3.1491 -3.1491 
-3.30305 -3.30305 0.603498 0.455349 0.426772 0.38272 0.425502 0.425915 0.458124 0.461916 0.498604 0.548432 0.438888 0.315472 0.184522 0.184522 -3.23106 -3.23106 
-3.3722 -3.3722 0.543194 0.603498 0.483926 0.497746 0.467583 0.444549 0.410732 0.405913 0.428716 0.460928 0.483192 0.455509 0.385885 0.261898 0.40825 0.376452 -3.26252 -3.26252 
-3.35689 -3.35689 0.361332 0.48289 0.553525 0.54327 0.513025 0.4728 0.42369 0.372682 0.354956 0.373412 0.395266 0.425884 0.451113 0.456316 0.455135 0.554603 0.376452 0.0184876 -3.16275 -3.16275 
-3.11877 -1.99196 0.196223 0.239775 0.429196 0.519635 0.50108 0.450472 0.40341 0.360931 0.323553 0.309487 0.320746 0.328865 0.351816 0.382947 0.41446 0.459669 0.493771 0.265771 -0.339477 -1.17586 -2.71386 
-2.26744 -0.86515 0.152671 0.33343 0.400349 0.409182 0.38077 0.344032 0.313325 0.288198 0.267703 0.258076 0.262332 0.26626 0.27843 0.294142 0.307612 0.316782 0.294896 0.163774 -0.121211 -0.474237 -1.60393 
-1.30433 -0.630936 -0.0543606 0.162958 0.241644 0.260888 0.255054 0.241196 0.227693 0.215157 0.203357 0.196293 0.197 0.199913 0.205982 0.209941 0.206636 0.189124 0.140384 0.0335566 -0.153621 -0.440375 -0.803154 
-0.622161 -0.400434 -0.121823 0.0355488 0.112965 0.145779 0.155189 0.154335 0.149654 0.142577 0.134058 0.12763 0.126922 0.13008 0.134881 0.136058 0.128661 0.106341 0.0592682 -0.0225267 -0.142845 -0.290472 -0.379688 
-0.245943 -0.191517 -0.083839 -0.00368927 0.045424 0.0687667 0.0769795 0.0779751 0.0753428 0.069959 0.0629996 0.057309 0.0563515 0.0602013 0.0657908 0.0691541 0.0666211 0.0537655 0.025453 -0.0211797 -0.0804761 -0.141945 -0.163506 

