
-1.63584e-09 4.87446e-09 -1.03639e-08 -2.9896e-09 -5.19958e-10 4.73776e-10 7.31238e-10 9.80244e-10 1.46405e-09 1.37062e-09 -1.69232e-09 -2.42401e-09 -8.99961e-10 4.10699e-10 2.02422e-09 9.62725e-10 1.2687e-09 1.45915e-09 2.09677e-10 5.27529e-10 7.96399e-10 -7.31392e-11 
-1.63584e-09 4.87446e-09 -1.03639e-08 -2.9896e-09 -5.19958e-10 4.73776e-10 7.31238e-10 9.80244e-10 1.46405e-09 1.37062e-09 -1.69232e-09 -2.42401e-09 -8.99961e-10 4.10699e-10 2.02422e-09 9.62725e-10 1.2687e-09 1.45915e-09 2.09677e-10 5.27529e-10 7.96399e-10 -7.31392e-11 
9.67964e-10 4.44526e-10 -3.85374e-09 -2.32134e-09 -1.26934e-09 -5.90641e-10 -4.98627e-10 -3.24537e-10 -2.28805e-10 -2.16665e-10 -3.72886e-10 -5.99221e-10 3.89589e-10 1.60024e-09 2.9475e-09 3.25457e-09 2.99958e-09 2.63856e-09 2.31389e-09 1.83613e-09 1.21686e-09 6.71683e-10 
-1.79793e-10 -5.90656e-10 -2.10629e-09 -2.1153e-09 -1.82018e-09 -1.4149e-09 -1.07845e-09 -7.02215e-10 -4.25574e-10 -2.61455e-10 -1.32433e-10 2.23146e-11 6.77866e-10 1.54813e-09 2.31004e-09 2.57855e-09 2.51122e-09 2.28121e-09 2.01412e-09 1.61938e-09 1.10306e-09 5.99505e-10 
-3.35343e-10 -6.87335e-10 -1.27958e-09 -1.43609e-09 -1.32038e-09 -1.01399e-09 -6.51967e-10 -3.56292e-10 -1.93603e-10 -1.05399e-10 -5.65352e-11 2.25864e-11 3.02398e-10 7.01597e-10 1.06454e-09 1.23781e-09 1.24587e-09 1.14026e-09 1.01835e-09 8.4167e-10 5.90466e-10 3.2852e-10 
-1.4446e-10 -2.73496e-10 -3.99489e-10 -3.4676e-10 -1.30224e-10 1.73483e-10 3.88047e-10 4.60171e-10 3.85598e-10 2.17055e-10 1.07803e-11 -1.96768e-10 -3.31907e-10 -3.92905e-10 -4.00879e-10 -4.12168e-10 -4.01941e-10 -3.26e-10 -2.17614e-10 -1.25599e-10 -6.83676e-11 6.65519e-12 
1.05776e-10 2.66653e-10 4.72372e-10 7.54787e-10 1.07879e-09 1.35062e-09 1.45447e-09 1.33157e-09 1.00112e-09 5.52673e-10 8.24285e-11 -4.05157e-10 -9.07296e-10 -1.34644e-09 -1.65606e-09 -1.8053e-09 -1.79216e-09 -1.63058e-09 -1.356e-09 -1.02505e-09 -6.72155e-10 -2.91294e-10 
2.39893e-10 6.28298e-10 1.06394e-09 1.50938e-09 1.89683e-09 2.10958e-09 2.01568e-09 1.63779e-09 1.10681e-09 5.61824e-10 8.16713e-11 -4.22499e-10 -1.03993e-09 -1.68845e-09 -2.26136e-09 -2.64098e-09 -2.73605e-09 -2.5447e-09 -2.15457e-09 -1.64029e-09 -1.05729e-09 -4.56844e-10 

