
-1.35314e-33 4.03206e-33 -8.57282e-33 -2.47294e-33 -4.301e-34 3.91898e-34 6.04866e-34 8.10839e-34 1.21104e-33 1.13375e-33 -1.39985e-33 -2.0051e-33 -7.4443e-34 3.39723e-34 1.67439e-33 7.96348e-34 1.04945e-33 1.20698e-33 1.73441e-34 4.36361e-34 6.58766e-34 -6.04993e-35 
-1.35314e-33 4.03206e-33 -8.57282e-33 -2.47294e-33 -4.301e-34 3.91898e-34 6.04866e-34 8.10839e-34 1.21104e-33 1.13375e-33 -1.39985e-33 -2.0051e-33 -7.4443e-34 3.39723e-34 1.67439e-33 7.96348e-34 1.04945e-33 1.20698e-33 1.73441e-34 4.36361e-34 6.58766e-34 -6.04993e-35 
8.00681e-34 3.67703e-34 -3.18774e-33 -1.92016e-33 -1.04998e-33 -4.88566e-34 -4.12455e-34 -2.68451e-34 -1.89263e-34 -1.79221e-34 -3.08444e-34 -4.95664e-34 3.2226e-34 1.32368e-33 2.43811e-33 2.69212e-33 2.48119e-33 2.18257e-33 1.91401e-33 1.51881e-33 1.00656e-33 5.55603e-34 
-1.48721e-34 -4.88579e-34 -1.74228e-33 -1.74974e-33 -1.50562e-33 -1.17038e-33 -8.92069e-34 -5.80859e-34 -3.52026e-34 -2.16271e-34 -1.09546e-34 1.84582e-35 5.60718e-34 1.28058e-33 1.91082e-33 2.13293e-33 2.07723e-33 1.88697e-33 1.66604e-33 1.33952e-33 9.12428e-34 4.95899e-34 
-2.77389e-34 -5.68551e-34 -1.05844e-33 -1.18791e-33 -1.09219e-33 -8.38757e-34 -5.39295e-34 -2.94718e-34 -1.60145e-34 -8.71843e-35 -4.67648e-35 1.8683e-35 2.50138e-34 5.80347e-34 8.80563e-34 1.02389e-33 1.03056e-33 9.432e-34 8.4236e-34 6.96213e-34 4.88422e-34 2.71745e-34 
-1.19494e-34 -2.2623e-34 -3.3045e-34 -2.86833e-34 -1.07719e-34 1.43502e-34 3.20985e-34 3.80644e-34 3.18959e-34 1.79544e-34 8.91725e-36 -1.62762e-34 -2.74547e-34 -3.25003e-34 -3.31599e-34 -3.40937e-34 -3.32478e-34 -2.69661e-34 -1.80006e-34 -1.03893e-34 -5.65524e-35 5.50504e-36 
8.74959e-35 2.2057e-34 3.90737e-34 6.24345e-34 8.92357e-34 1.11721e-33 1.20311e-33 1.10145e-33 8.28105e-34 4.5716e-34 6.81832e-35 -3.35138e-34 -7.50498e-34 -1.11375e-33 -1.36986e-33 -1.49331e-33 -1.48244e-33 -1.34879e-33 -1.12166e-33 -8.47901e-34 -5.55993e-34 -2.40953e-34 
1.98434e-34 5.19716e-34 8.80071e-34 1.24853e-33 1.56902e-33 1.745e-33 1.66733e-33 1.35475e-33 9.15535e-34 4.6473e-34 6.75569e-35 -3.49483e-34 -8.6021e-34 -1.39665e-33 -1.87055e-33 -2.18457e-33 -2.26321e-33 -2.10493e-33 -1.78222e-33 -1.35682e-33 -8.74566e-34 -3.77893e-34 

