
-8.86793e-29 2.64245e-28 -5.61829e-28 -1.62067e-28 -2.8187e-29 2.56834e-29 3.96405e-29 5.31391e-29 7.93666e-29 7.43017e-29 -9.17407e-29 -1.31406e-28 -4.8787e-29 2.22641e-29 1.09733e-28 5.21894e-29 6.87765e-29 7.91006e-29 1.13666e-29 2.85974e-29 4.31729e-29 -3.96488e-30 
-8.86793e-29 2.64245e-28 -5.61829e-28 -1.62067e-28 -2.8187e-29 2.56834e-29 3.96405e-29 5.31391e-29 7.93666e-29 7.43017e-29 -9.17407e-29 -1.31406e-28 -4.8787e-29 2.22641e-29 1.09733e-28 5.21894e-29 6.87765e-29 7.91006e-29 1.13666e-29 2.85974e-29 4.31729e-29 -3.96488e-30 
5.24734e-29 2.40978e-29 -2.08912e-28 -1.2584e-28 -6.88112e-29 -3.20187e-29 -2.70306e-29 -1.75932e-29 -1.24035e-29 -1.17454e-29 -2.02142e-29 -3.24838e-29 2.11196e-29 8.6749e-29 1.59784e-28 1.76431e-28 1.62607e-28 1.43037e-28 1.25436e-28 9.95366e-29 6.59659e-29 3.6412e-29 
-9.7466e-30 -3.20195e-29 -1.14182e-28 -1.14671e-28 -9.86723e-29 -7.67019e-29 -5.84627e-29 -3.80672e-29 -2.30704e-29 -1.41735e-29 -7.17919e-30 1.20968e-30 3.67472e-29 8.39242e-29 1.25227e-28 1.39784e-28 1.36133e-28 1.23664e-28 1.09186e-28 8.77869e-29 5.97969e-29 3.24992e-29 
-1.8179e-29 -3.72605e-29 -6.93659e-29 -7.78508e-29 -7.15778e-29 -5.49688e-29 -3.53432e-29 -1.93146e-29 -1.04952e-29 -5.71371e-30 -3.06478e-30 1.22441e-30 1.6393e-29 3.80336e-29 5.77086e-29 6.71019e-29 6.75387e-29 6.18135e-29 5.52049e-29 4.5627e-29 3.20092e-29 1.78091e-29 
-7.83117e-30 -1.48262e-29 -2.16564e-29 -1.87979e-29 -7.05948e-30 9.40455e-30 2.10361e-29 2.49459e-29 2.09033e-29 1.17666e-29 5.84401e-31 -1.06668e-29 -1.79927e-29 -2.12994e-29 -2.17317e-29 -2.23437e-29 -2.17893e-29 -1.76725e-29 -1.17969e-29 -6.80873e-30 -3.70622e-30 3.60779e-31 
5.73413e-30 1.44553e-29 2.56073e-29 4.09171e-29 5.84815e-29 7.32175e-29 7.88469e-29 7.21848e-29 5.42707e-29 2.99605e-29 4.46846e-30 -2.19636e-29 -4.91846e-29 -7.29908e-29 -8.97751e-29 -9.78654e-29 -9.71532e-29 -8.83941e-29 -7.35091e-29 -5.5568e-29 -3.64376e-29 -1.57911e-29 
1.30046e-29 3.40601e-29 5.76763e-29 8.18236e-29 1.02827e-28 1.1436e-28 1.0927e-28 8.87847e-29 6.00005e-29 3.04565e-29 4.42741e-30 -2.29037e-29 -5.63747e-29 -9.15311e-29 -1.22588e-28 -1.43168e-28 -1.48321e-28 -1.37949e-28 -1.168e-28 -8.89204e-29 -5.73156e-29 -2.47656e-29 

