
-0.106675 -0.220814 -0.045734 -0.889189 -0.161632 -0.523567 -0.456028 -0.362883 -0.225013 
0.0492404 -0.0586718 -0.114808 0.0953888 0.0461451 -0.106675 -0.220814 -0.045734 -0.889189 -0.256931 -0.161632 -0.523567 -0.233048 0.0230305 -0.290122 -0.456028 -0.362883 -0.225013 -0.0498881 0.092979 0.0231863 -0.0384954 0.0891466 
0.0492404 -0.0586718 -0.114809 0.0953888 0.198966 -0.0520964 -0.0916283 -0.0406227 -0.228397 0.280027 0.0822535 -0.118141 0.0574718 0.0230305 -0.124216 -0.169415 -0.0857125 0.0052882 0.125237 0.092979 0.0231863 -0.0384954 0.0891466 
0.0242502 -0.0230158 -0.0190409 0.0339894 0.0477727 -0.0282583 -0.0360367 -0.0255312 -0.0344028 0.0601228 0.0402215 -0.0256176 0.00333154 -0.00895139 -0.0648917 -0.073898 -0.0483554 -0.00299601 0.0481717 0.0494143 0.0296742 0.0149022 0.0391584 
0.0131999 -0.00543333 -0.00475879 0.00967768 0.00383446 -0.0160058 -0.023638 -0.0134176 -0.00346949 0.0253188 0.0232637 0.00155019 0.00256093 -0.00669307 -0.0270072 -0.0351247 -0.0285165 -0.0101636 0.0127708 0.0208329 0.0194044 0.0166863 0.0251243 
0.00658904 -0.003145 -0.00543808 -0.00334259 -0.00957349 -0.015723 -0.0155569 -0.00418226 0.00753278 0.0193657 0.0194865 0.0122596 0.00942891 0.00376955 -0.00559738 -0.0129105 -0.0158663 -0.0126175 -0.00404004 0.00227872 0.00498834 0.00742876 0.0148629 
0.00247959 -0.00467812 -0.00741415 -0.00861001 -0.0122272 -0.0137846 -0.00894466 0.00188136 0.0112317 0.0167255 0.016244 0.0131008 0.0115875 0.00923264 0.00470218 -0.00114527 -0.00752256 -0.0110796 -0.00952506 -0.00636687 -0.00361293 1.55037e-05 0.00770349 
0.000468692 -0.00410287 -0.00596815 -0.00700491 -0.00808171 -0.00736464 -0.00294131 0.00338599 0.00806323 0.00998688 0.00897909 0.00726395 0.00709624 0.00677845 0.00510865 0.00210242 -0.00198864 -0.00570682 -0.00680372 -0.00615039 -0.00475259 -0.00219241 0.00381866 

