
-0.557092 -0.557092 -0.477189 -0.477189 
-0.964162 -0.964162 -0.846441 -0.846441 
-1.27625 -1.27625 -1.11862 -1.11862 
-1.50187 -1.50187 -1.32318 -1.32318 
-1.65585 -1.65585 -1.47664 -1.47664 
-1.76044 -1.76044 -1.59049 -1.59049 
-1.84018 -1.84018 -1.6779 -1.6779 
-1.90897 -1.90897 -1.75072 -1.75072 
-1.97161 -1.97161 -1.81591 -1.81591 
-2.02992 -2.02992 -1.87542 -1.87542 
-2.0825 -2.0825 -1.92662 -1.92662 
-2.1229 -2.1229 -1.95943 -1.95943 
-2.13289 -2.13289 -1.9455 -1.9455 
-2.06239 -2.06239 -1.59967 -1.80706 
-1.77942 -1.51663 -1.1059 -0.605374 -0.229956 -0.0920191 -0.221931 -0.255205 -0.322717 -0.508822 -1.09064 -1.39228 -1.39991 
-1.18398 -1.25384 -1.1059 -0.605374 -0.420117 -0.0996303 -0.0731226 -0.229956 -0.0278211 0.51271 0.691528 -0.0920191 -0.0920191 -0.221931 -0.255205 -0.322717 -0.508822 -0.788995 -1.09229 -0.930675 
-0.762407 -0.990494 -0.839407 -0.543849 -0.23486 -0.0996303 0.0837103 0.11167 0.174313 0.383542 0.617917 0.568529 0.51271 0.691528 0.49669 0.0975509 0.0142199 -0.0854829 -0.22355 -0.422983 -0.656445 -0.789641 -0.610385 
-0.499112 -0.666335 -0.597941 -0.440765 -0.259899 -0.0808256 0.0737601 0.1723 0.283297 0.592772 0.617917 0.624348 0.519493 0.569539 0.70099 0.261025 0.0652331 -0.0286354 -0.155363 -0.318671 -0.475552 -0.534 -0.423574 
-0.342083 -0.429827 -0.4114 -0.334819 -0.220837 -0.0924824 0.0305594 0.139119 0.242056 0.37517 0.432307 0.441796 0.426642 0.423615 0.381177 0.225443 0.0857904 -0.021047 -0.128545 -0.235998 -0.325304 -0.353595 -0.307735 
-0.238429 -0.275967 -0.272442 -0.233979 -0.165667 -0.0795108 0.0113085 0.0971436 0.175747 0.250274 0.291934 0.307751 0.304672 0.288954 0.245899 0.162096 0.070693 -0.0140287 -0.093194 -0.161924 -0.211687 -0.231974 -0.227672 
-0.162519 -0.166541 -0.162907 -0.143964 -0.106378 -0.0546504 0.00339922 0.0605183 0.112145 0.155728 0.182724 0.195019 0.193881 0.180224 0.150538 0.103008 0.047971 -0.00613676 -0.0548971 -0.0943418 -0.122704 -0.143606 -0.166513 
-0.0932081 -0.0792346 -0.0718711 -0.0643002 -0.0499118 -0.0273154 0.00103677 0.0303216 0.055671 0.0754705 0.0880851 0.0936235 0.0926369 0.0856055 0.0717067 0.0506734 0.0258047 0.000926321 -0.0209137 -0.0378167 -0.0524354 -0.0717736 -0.102784 

