
0.210774 
0.210774 0.143211 0.0015314 0.0920622 0.0931335 0.114744 -0.0029313 -0.147115 -0.129683 0.0343853 0.187367 0.108368 0.0892875 0.147811 0.252768 0.116757 0.282853 0.398458 -0.271402 -0.0137042 0.0606482 -0.0585353 
0.0750464 0.0756481 0.0015314 0.0920623 0.0931335 0.114744 -0.0029313 -0.147115 -0.129683 0.0343853 0.187367 0.108368 0.0892875 0.147811 0.252768 0.116757 0.282853 0.398458 -0.271402 -0.0137042 0.0606482 -0.0585353 
-0.00234169 -0.012255 -0.0319957 -0.0307692 -0.0332013 -0.00251937 -0.0483459 -0.0611498 -0.0225504 0.0638867 0.116728 0.115025 0.137261 0.19268 0.260535 0.270811 0.261334 0.254462 0.0817488 0.0616863 0.0422633 0.0303 
-0.0164867 -0.0332689 -0.0498937 -0.0610742 -0.0698302 -0.0665086 -0.0660564 -0.0445633 0.000552301 0.0481434 0.082422 0.104467 0.136457 0.177649 0.21548 0.227216 0.215635 0.190491 0.125417 0.0844113 0.0533203 0.0367308 
-0.00531099 -0.0117031 -0.019159 -0.0260374 -0.0313186 -0.029171 -0.0212749 -0.0038571 0.0210186 0.0441604 0.0597951 0.0730655 0.0894917 0.108221 0.124505 0.130589 0.123675 0.105955 0.077124 0.0519996 0.0330191 0.0232037 
0.0154892 0.0290339 0.041491 0.0519481 0.059341 0.06308 0.0625299 0.0594578 0.0551938 0.0508678 0.0420272 0.0305965 0.0184436 0.00984367 0.00481821 0.000400243 -0.00179488 -0.00272559 -0.00631359 -0.00821413 -0.00637001 0.00106271 
0.0346372 0.0692726 0.102159 0.130599 0.151164 0.159231 0.150217 0.127017 0.0958603 0.0652245 0.0342206 -0.00224198 -0.0416299 -0.0766361 -0.101916 -0.115212 -0.116758 -0.108631 -0.0939533 -0.0742061 -0.0504105 -0.0233094 
0.0449499 0.0961738 0.144891 0.185625 0.211924 0.215512 0.193618 0.155208 0.112434 0.0748505 0.0432811 0.000289163 -0.0541073 -0.111171 -0.160231 -0.191349 -0.199319 -0.186823 -0.160357 -0.124245 -0.0817051 -0.0366458 

