
0.0253366 
0.0253366 0.0253366 
0.0336753 
0.042014 0.042014 
-0.12283 0.1404 0.0538328 0.0538328 
-0.00405149 -0.748345 -0.526755 -0.217611 -0.12283 0.1404 0.182805 0.309912 0.522091 0.066653 0.066653 
-0.00405149 -0.00405149 -0.690527 -0.637213 -0.661614 -0.748345 -0.526755 -0.312392 -0.116945 0.0801938 0.22521 0.309912 0.522091 0.435785 0.452148 0.560479 0.073227 
-0.00428923 -0.00428923 -0.683965 -0.690527 -0.637213 -0.574883 -0.560065 -0.434522 -0.250737 -0.090632 0.039342 0.170687 0.256268 0.347216 0.349479 0.452148 0.560479 0.612471 0.725198 0.0798011 0.0798011 
-0.00370178 -0.00370178 -0.677403 -0.677403 -0.657219 -0.55745 -0.459998 -0.388455 -0.288214 -0.165018 -0.054909 0.0306034 0.114861 0.175594 0.230258 0.27601 0.374971 0.520251 0.664463 0.725198 0.449674 0.0863599 
0.000350025 0.000350025 -0.708494 -0.711467 -0.571367 -0.441322 -0.340968 -0.27272 -0.203183 -0.124004 -0.0449419 0.0251829 0.0859253 0.132524 0.17556 0.225425 0.314713 0.466677 0.612913 0.656076 0.537463 0.236599 
0.0147949 -0.345363 -0.705521 -0.642316 -0.450097 -0.320379 -0.239415 -0.189042 -0.146842 -0.0995792 -0.0441538 0.0118178 0.0583213 0.095188 0.126836 0.164305 0.231338 0.353115 0.534045 0.652618 0.675603 0.0859732 
0.058457 -0.321654 -0.701765 -0.518623 -0.320711 -0.208393 -0.152448 -0.123547 -0.100877 -0.0737783 -0.039476 -0.00379531 0.0253337 0.0501548 0.069742 0.091015 0.13205 0.219187 0.377349 0.577367 0.623488 0.0521186 
0.287168 -0.115899 -0.518966 -0.268439 -0.129982 -0.0763983 -0.0633092 -0.0615113 -0.0570535 -0.046625 -0.0318071 -0.016681 -0.00541684 0.00267037 0.00570873 0.00563564 0.0114809 0.0453375 0.15581 0.451223 0.392851 -0.40727 
0.628411 0.494358 0.0766989 0.123286 0.119783 0.0749502 0.0272371 -0.00466201 -0.0204332 -0.025871 -0.0265744 -0.0270814 -0.0306285 -0.038565 -0.0543187 -0.0822333 -0.127072 -0.186371 -0.228238 -0.16673 0.103843 -0.866658 
1.53094 0.777964 0.8395 0.616371 0.37698 0.201109 0.0915983 0.0298088 -0.00292733 -0.0196662 -0.0286361 -0.0356925 -0.0458568 -0.0632668 -0.0937812 -0.145697 -0.232163 -0.372238 -0.584961 -0.879325 -1.22486 -1.2404 
1.52416 1.44851 1.09723 0.693785 0.383794 0.188866 0.0743351 0.00869111 -0.0268345 -0.0427027 -0.0449786 -0.0400769 -0.0383136 -0.049753 -0.0816344 -0.140589 -0.236395 -0.385833 -0.610868 -0.913359 -1.19725 -1.11055 

