
-3.80874e-19 1.13492e-18 -2.41304e-18 -6.96071e-19 -1.21062e-19 1.1031e-19 1.70255e-19 2.28231e-19 3.40877e-19 3.19123e-19 -3.94023e-19 -5.64385e-19 -2.09538e-19 9.56234e-20 4.71299e-19 2.24152e-19 2.95393e-19 3.39735e-19 4.88193e-20 1.22825e-19 1.85426e-19 -1.7029e-20 
-3.80874e-19 1.13492e-18 -2.41304e-18 -6.96071e-19 -1.21062e-19 1.1031e-19 1.70255e-19 2.28231e-19 3.40877e-19 3.19123e-19 -3.94023e-19 -5.64385e-19 -2.09538e-19 9.56234e-20 4.71299e-19 2.24152e-19 2.95393e-19 3.39735e-19 4.88193e-20 1.22825e-19 1.85426e-19 -1.7029e-20 
2.25372e-19 1.03499e-19 -8.97268e-19 -5.40478e-19 -2.95542e-19 -1.37519e-19 -1.16096e-19 -7.55622e-20 -5.32728e-20 -5.04461e-20 -8.68193e-20 -1.39517e-19 9.07082e-20 3.72584e-19 6.86268e-19 7.57764e-19 6.98394e-19 6.14338e-19 5.38745e-19 4.27506e-19 2.83321e-19 1.56388e-19 
-4.18613e-20 -1.37523e-19 -4.90408e-19 -4.92507e-19 -4.23794e-19 -3.29432e-19 -2.51095e-19 -1.63497e-19 -9.90866e-20 -6.08748e-20 -3.08344e-20 5.19553e-21 1.57828e-19 3.60452e-19 5.37847e-19 6.00366e-19 5.84688e-19 5.31134e-19 4.68949e-19 3.77042e-19 2.56826e-19 1.39583e-19 
-7.80781e-20 -1.60033e-19 -2.97924e-19 -3.34367e-19 -3.07424e-19 -2.36089e-19 -1.51798e-19 -8.29558e-20 -4.50767e-20 -2.45402e-20 -1.31631e-20 5.2588e-21 7.04075e-20 1.63353e-19 2.47857e-19 2.882e-19 2.90076e-19 2.65487e-19 2.37103e-19 1.95967e-19 1.37479e-19 7.64895e-20 
-3.36346e-20 -6.36782e-20 -9.30134e-20 -8.07364e-20 -3.03202e-20 4.03922e-20 9.03492e-20 1.07142e-19 8.97791e-20 5.05371e-20 2.50998e-21 -4.58135e-20 -7.72781e-20 -9.14803e-20 -9.33369e-20 -9.59654e-20 -9.35842e-20 -7.59028e-20 -5.06673e-20 -2.92433e-20 -1.59181e-20 1.54953e-21 
2.46279e-20 6.20849e-20 1.09983e-19 1.75738e-19 2.51176e-19 3.14467e-19 3.38645e-19 3.10031e-19 2.33091e-19 1.28679e-19 1.91919e-20 -9.4333e-20 -2.11246e-19 -3.13493e-19 -3.85581e-19 -4.20329e-19 -4.1727e-19 -3.7965e-19 -3.15719e-19 -2.38663e-19 -1.56498e-19 -6.78222e-20 
5.58543e-20 1.46287e-19 2.47718e-19 3.5143e-19 4.4164e-19 4.91175e-19 4.69312e-19 3.81327e-19 2.577e-19 1.3081e-19 1.90156e-20 -9.83707e-20 -2.42128e-19 -3.93123e-19 -5.26514e-19 -6.14901e-19 -6.37036e-19 -5.92485e-19 -5.0165e-19 -3.8191e-19 -2.46169e-19 -1.06367e-19 

