
-0.35676 
-0.35676 -0.211838 0.0238739 -0.153328 -0.0388607 -0.0731538 0.186614 0.182757 -0.0478284 -0.248693 -0.184321 0.136273 0.0543674 -0.073196 -0.147561 0.156747 -0.126412 -0.0855624 -0.225463 -0.0730378 0.077959 -0.0271944 
-0.145985 -0.0669156 0.0238739 -0.153328 -0.0388607 -0.0731538 0.186614 0.182757 -0.0478284 -0.248693 -0.184321 0.136273 0.0543674 -0.073196 -0.147561 0.156747 -0.126412 -0.0855624 -0.0273207 -0.225463 -0.0730378 0.077959 -0.0271944 
-0.0709407 -0.0663135 -0.0502424 -0.0627967 -0.0377897 -0.0515435 0.0689399 0.0385742 -0.0303968 -0.0846243 -0.0313388 0.0572748 0.0352875 -0.0146715 -0.0426041 0.0207356 0.0396832 0.0300424 0.229064 0.0322339 0.001315 -0.0412216 0.0313408 
-0.0732833 -0.0762247 -0.0699845 -0.0615703 -0.0402217 -0.020861 0.0231133 0.0257693 0.00820171 0.00181226 0.0215022 0.0555718 0.0575226 0.0407463 0.0252494 0.0310105 0.030206 0.0231696 0.0563504 0.01217 -0.0181082 -0.0531859 0.00103781 
-0.08977 -0.0930082 -0.086609 -0.072753 -0.0489787 -0.0175387 0.0235653 0.0472619 0.0533178 0.0494046 0.0557818 0.0776172 0.0895117 0.0819386 0.0630802 0.0427473 0.0186255 -0.00197179 -0.00872284 -0.0288356 -0.0491987 -0.0697751 -0.0356927 
-0.0950803 -0.0994025 -0.0940624 -0.0796336 -0.0542573 -0.0153903 0.0314598 0.0646789 0.0781942 0.0725473 0.0714164 0.0908868 0.105937 0.100668 0.079364 0.0488325 0.0117123 -0.0196911 -0.0375525 -0.053959 -0.0681803 -0.0795915 -0.0588961 
-0.0795902 -0.0858593 -0.0816031 -0.0691768 -0.0468624 -0.0116526 0.0309082 0.0616074 0.0739316 0.0682214 0.0625748 0.0794547 0.0937833 0.0920682 0.0743393 0.0444152 0.00951741 -0.0206224 -0.0411417 -0.0558604 -0.0663366 -0.0721604 -0.0599574 
-0.044951 -0.0512237 -0.0487176 -0.0407364 -0.0262987 -0.0035882 0.0218926 0.0384085 0.0427744 0.0375837 0.0315688 0.042991 0.0543957 0.0570635 0.049061 0.0311197 0.00797134 -0.0124949 -0.0264648 -0.0361128 -0.0425397 -0.0450589 -0.036646 

