
1.89078e-43 -1.08703e-42 -1.83381e-42 -9.36103e-43 -6.10974e-43 -2.45053e-43 -1.28334e-43 -1.59676e-44 1.90845e-43 8.08497e-43 3.70452e-43 -4.22452e-43 -5.08851e-43 -6.15363e-43 1.64236e-43 1.54079e-44 1.4896e-44 2.292e-43 -3.96424e-44 2.40397e-44 2.16447e-43 1.51203e-43 
1.89078e-43 -1.08703e-42 -5.95448e-43 -1.83381e-42 -9.36103e-43 -6.10974e-43 -2.45053e-43 -1.28334e-43 -1.59676e-44 1.90845e-43 8.08497e-43 3.70452e-43 -4.22452e-43 -5.08851e-43 -6.15363e-43 1.64236e-43 1.54079e-44 1.4896e-44 2.292e-43 -3.96424e-44 2.40397e-44 2.16447e-43 1.51203e-43 
-1.25978e-43 1.66808e-43 1.1345e-42 -4.13572e-43 -4.60466e-43 -4.19586e-43 -1.95464e-43 -8.03746e-44 7.72127e-44 1.72852e-43 2.18599e-43 2.29535e-43 -1.28928e-43 -2.56426e-43 -3.04611e-43 -4.02011e-44 7.43347e-44 5.15708e-44 -1.14427e-44 2.15687e-44 7.5821e-44 4.89954e-44 1.65289e-43 
6.04386e-44 6.60022e-44 3.0669e-43 -1.18444e-43 -2.5786e-43 -2.88868e-43 -1.77741e-43 -4.68494e-44 9.56449e-44 1.75187e-43 1.8851e-43 1.85944e-43 6.15081e-44 -2.32676e-44 -4.51419e-44 1.89356e-44 2.522e-44 -1.79615e-44 -7.39724e-44 -7.04517e-44 -4.34492e-44 -5.60017e-44 3.59121e-44 
2.58099e-44 -1.31265e-44 1.47901e-44 -1.2019e-43 -2.01019e-43 -2.10818e-43 -1.12949e-43 2.56041e-44 1.48924e-43 2.068e-43 2.13365e-43 2.15751e-43 1.87765e-43 1.4434e-43 1.01597e-43 7.06515e-44 1.22553e-44 -6.2254e-44 -1.25406e-43 -1.46475e-43 -1.42887e-43 -1.52982e-43 -7.95488e-44 
-3.87732e-44 -8.09238e-44 -9.9266e-44 -1.50338e-43 -1.78732e-43 -1.51805e-43 -4.32246e-44 8.25442e-44 1.80258e-43 2.23792e-43 2.22778e-43 2.30986e-43 2.4165e-43 2.21221e-43 1.71498e-43 1.04025e-43 1.38108e-44 -8.25899e-44 -1.48884e-43 -1.80503e-43 -1.91269e-43 -2.03438e-43 -1.42816e-43 
-6.65922e-44 -1.05782e-43 -1.23526e-43 -1.40187e-43 -1.37022e-43 -9.33101e-44 -1.9166e-45 9.64339e-44 1.65904e-43 1.91336e-43 1.83048e-43 1.91008e-43 2.15618e-43 2.09472e-43 1.69965e-43 1.01855e-43 1.57838e-44 -6.7964e-44 -1.28014e-43 -1.62785e-43 -1.80249e-43 -1.88995e-43 -1.44092e-43 
-4.62106e-44 -7.48034e-44 -8.39098e-44 -8.57986e-44 -7.46211e-44 -4.09733e-44 1.80753e-44 7.27725e-44 1.02262e-43 1.04963e-43 9.24734e-44 9.70966e-44 1.1891e-43 1.249e-43 1.10341e-43 7.31167e-44 1.83144e-44 -3.68482e-44 -7.51356e-44 -9.90476e-44 -1.12284e-43 -1.15643e-43 -8.79868e-44 

