
-4.80731e-48 1.43248e-47 -3.04568e-47 -8.78565e-48 -1.52802e-48 1.3923e-48 2.14891e-48 2.88068e-48 4.30247e-48 4.0279e-48 -4.97327e-48 -7.12354e-48 -2.64475e-48 1.20694e-48 5.94864e-48 2.82919e-48 3.72838e-48 4.28805e-48 6.16186e-49 1.55027e-48 2.34041e-48 -2.14937e-49 
-4.80731e-48 1.43248e-47 -3.04568e-47 -8.78565e-48 -1.52802e-48 1.3923e-48 2.14891e-48 2.88068e-48 4.30247e-48 4.0279e-48 -4.97327e-48 -7.12354e-48 -2.64475e-48 1.20694e-48 5.94864e-48 2.82919e-48 3.72838e-48 4.28805e-48 6.16186e-49 1.55027e-48 2.34041e-48 -2.14937e-49 
2.84459e-48 1.30634e-48 -1.13251e-47 -6.82179e-48 -3.73026e-48 -1.73574e-48 -1.46533e-48 -9.53729e-49 -6.72398e-49 -6.3672e-49 -1.09581e-48 -1.76095e-48 1.1449e-48 4.70267e-48 8.66192e-48 9.56433e-48 8.81497e-48 7.75403e-48 6.79992e-48 5.39589e-48 3.57602e-48 1.9739e-48 
-5.28364e-49 -1.73578e-48 -6.18982e-48 -6.21631e-48 -5.34903e-48 -4.15802e-48 -3.16927e-48 -2.06363e-48 -1.25065e-48 -7.68348e-49 -3.89185e-49 6.55768e-50 1.99207e-48 4.54954e-48 6.78859e-48 7.57768e-48 7.37981e-48 6.70386e-48 5.91897e-48 4.75894e-48 3.2416e-48 1.76179e-48 
-9.85484e-49 -2.0199e-48 -3.76033e-48 -4.2203e-48 -3.88024e-48 -2.97986e-48 -1.91596e-48 -1.04705e-48 -5.68948e-49 -3.09741e-49 -1.66142e-49 6.63753e-50 8.88667e-49 2.06181e-48 3.12839e-48 3.6376e-48 3.66128e-48 3.35092e-48 2.99266e-48 2.47345e-48 1.73522e-48 9.65433e-49 
-4.24528e-49 -8.03732e-49 -1.17399e-48 -1.01904e-48 -3.82695e-49 5.09822e-49 1.14037e-48 1.35232e-48 1.13317e-48 6.37868e-49 3.16804e-50 -5.78248e-49 -9.75387e-49 -1.15464e-48 -1.17808e-48 -1.21125e-48 -1.1812e-48 -9.58028e-49 -6.39511e-49 -3.69102e-49 -2.00914e-49 1.95578e-50 
3.10848e-49 7.83622e-49 1.38818e-48 2.21812e-48 3.17029e-48 3.96913e-48 4.2743e-48 3.91315e-48 2.94202e-48 1.62416e-48 2.42235e-49 -1.19065e-48 -2.6663e-48 -3.95684e-48 -4.86672e-48 -5.30529e-48 -5.26669e-48 -4.79185e-48 -3.98494e-48 -3.01235e-48 -1.97529e-48 -8.56037e-49 
7.04981e-49 1.8464e-48 3.12664e-48 4.43566e-48 5.57428e-48 6.19949e-48 5.92355e-48 4.81303e-48 3.25264e-48 1.65105e-48 2.4001e-49 -1.24161e-48 -3.05608e-48 -4.96191e-48 -6.64554e-48 -7.76114e-48 -8.04052e-48 -7.47821e-48 -6.33172e-48 -4.82038e-48 -3.10708e-48 -1.34254e-48 

