
-0.593275 -0.206834 -0.827013 -0.213245 -0.302038 -0.237267 -0.169681 -0.609895 0.0107094 -0.0908498 -0.297419 -0.1109 -0.455682 0.0945303 
-0.20766 -0.593275 -0.206834 -0.247081 -0.827013 -0.213245 -0.302038 -0.237267 -0.0214582 0.00924087 -0.0954931 -0.011429 -0.169681 -0.609895 -0.390969 0.117296 0.0107094 -0.0908498 -0.297419 -0.100815 -0.1109 -0.455682 0.0945303 
0.177954 -0.0751836 0.0328478 0.292605 -0.314249 -0.161428 -0.0643617 -0.066158 0.194351 0.00924087 -0.0954931 0.146823 0.0683235 -0.095991 -0.172043 0.223883 0.0686863 -0.0702623 -0.000311574 0.105872 -0.0685175 -0.129958 -0.0066221 
0.095524 0.00961846 0.02815 0.0589291 -0.11156 -0.0805131 -0.0416304 -0.00378819 0.0429679 -0.00691761 0.00486663 0.0349844 0.0228133 -0.0227918 -0.03732 0.0631645 0.0335758 0.011204 0.00620436 0.0175516 -0.0380312 -0.0491839 -0.0378079 
0.0550664 0.0228418 0.0160326 0.00488084 -0.0488942 -0.0464011 -0.0284576 -0.00245658 0.0158217 0.00104372 0.0105668 0.0183994 0.0147757 0.00213731 0.000458798 0.0265629 0.020345 0.00928077 0.00013025 -0.00527797 -0.0239696 -0.0334689 -0.0294228 
0.0318575 0.0163077 0.00635739 -0.007043 -0.0283703 -0.0308631 -0.020109 -0.00247325 0.0098809 0.00990111 0.0135899 0.0162773 0.0161844 0.0134288 0.0131861 0.0175228 0.0114516 0.00153165 -0.00716027 -0.0136696 -0.0211573 -0.0252462 -0.0213873 
0.0167613 0.00738376 -0.000138908 -0.00886571 -0.0186826 -0.0203622 -0.0130997 -0.000240348 0.00914547 0.0121415 0.0134458 0.0142709 0.0150404 0.0152876 0.0153305 0.0138671 0.00684712 -0.00242291 -0.00979517 -0.0146794 -0.0181621 -0.0189277 -0.0141512 
0.00687984 0.00173676 -0.00222679 -0.00625288 -0.00994783 -0.0101105 -0.00552179 0.0013628 0.00621165 0.00799721 0.00804313 0.00790632 0.00867174 0.00954688 0.00976346 0.00827497 0.00394007 -0.00186046 -0.00654921 -0.00946905 -0.0110199 -0.0106507 -0.00673254 

