
-2.06472e-38 6.15243e-38 -1.30811e-37 -3.77341e-38 -6.5628e-39 5.97989e-39 9.22952e-39 1.23724e-38 1.8479e-38 1.72997e-38 -2.136e-38 -3.05954e-38 -1.13591e-38 5.18375e-39 2.55492e-38 1.21513e-38 1.60133e-38 1.8417e-38 2.6465e-39 6.65835e-39 1.0052e-38 -9.23147e-40 
-2.06472e-38 6.15243e-38 -1.30811e-37 -3.77341e-38 -6.5628e-39 5.97989e-39 9.22952e-39 1.23724e-38 1.8479e-38 1.72997e-38 -2.136e-38 -3.05954e-38 -1.13591e-38 5.18375e-39 2.55492e-38 1.21513e-38 1.60133e-38 1.8417e-38 2.6465e-39 6.65835e-39 1.0052e-38 -9.23146e-40 
1.22174e-38 5.6107e-39 -4.8641e-38 -2.92994e-38 -1.60213e-38 -7.45493e-39 -6.29356e-39 -4.09624e-39 -2.88793e-39 -2.73469e-39 -4.70648e-39 -7.56323e-39 4.9173e-39 2.01978e-38 3.72026e-38 4.10785e-38 3.786e-38 3.33033e-38 2.92054e-38 2.31752e-38 1.53589e-38 8.47784e-39 
-2.26931e-39 -7.45513e-39 -2.65851e-38 -2.66989e-38 -2.29739e-38 -1.78585e-38 -1.36119e-38 -8.8632e-39 -5.37149e-39 -3.30003e-39 -1.67154e-39 2.8165e-40 8.55587e-39 1.95401e-38 2.91568e-38 3.25459e-38 3.1696e-38 2.87929e-38 2.54218e-38 2.04395e-38 1.39225e-38 7.56682e-39 
-4.23262e-39 -8.67539e-39 -1.61505e-38 -1.8126e-38 -1.66655e-38 -1.27984e-38 -8.22898e-39 -4.49704e-39 -2.44361e-39 -1.33033e-39 -7.13575e-40 2.8508e-40 3.8168e-39 8.8554e-39 1.34363e-38 1.56234e-38 1.57251e-38 1.43921e-38 1.28534e-38 1.06234e-38 7.45273e-39 4.1465e-39 
-1.82334e-39 -3.452e-39 -5.04226e-39 -4.37673e-39 -1.64366e-39 2.18967e-39 4.89784e-39 5.80817e-39 4.86693e-39 2.73962e-39 1.36066e-40 -2.48356e-39 -4.18925e-39 -4.95916e-39 -5.05981e-39 -5.20229e-39 -5.07321e-39 -4.1147e-39 -2.74668e-39 -1.58528e-39 -8.62921e-40 8.40003e-41 
1.33508e-39 3.36563e-39 5.96217e-39 9.52676e-39 1.36163e-38 1.70473e-38 1.8358e-38 1.68068e-38 1.26359e-38 6.97571e-39 1.04039e-39 -5.1138e-39 -1.14517e-38 -1.69945e-38 -2.09024e-38 -2.27861e-38 -2.26202e-38 -2.05809e-38 -1.71152e-38 -1.29379e-38 -8.48379e-39 -3.67665e-39 
3.02787e-39 7.93024e-39 1.34288e-38 1.9051e-38 2.39413e-38 2.66266e-38 2.54414e-38 2.06718e-38 1.397e-38 7.09122e-39 1.03084e-39 -5.33269e-39 -1.31258e-38 -2.13112e-38 -2.85424e-38 -3.33338e-38 -3.45338e-38 -3.21187e-38 -2.71945e-38 -2.07034e-38 -1.33448e-38 -5.76618e-39 

