
-0.123924 -0.499069 -0.239929 -0.000135284 -0.113269 -0.281559 -0.417332 -0.139377 -0.0806797 0.0917897 
-0.123924 -0.0499931 -0.22064 -0.283295 -0.499069 -0.224224 -0.0348922 -0.239929 -0.057926 0.0036412 0.139163 -0.000135284 -0.113269 -0.281559 -0.417332 -0.192267 -0.0656423 -0.0844761 -0.0573589 -0.0331548 -0.139377 -0.0806797 0.0917897 
0.0261895 0.0239374 -0.22064 -0.0675211 -0.0720406 0.0506212 0.170145 0.0177227 0.124077 0.0036412 0.278461 0.00405574 0.0020059 -0.120362 -0.133482 0.0327974 -0.0656423 -0.0844761 -0.0573589 0.0730669 0.00511811 -0.0436425 0.0533376 
0.0111842 -0.0282321 -0.0793297 -0.0599948 -0.0256835 0.0269271 0.0633528 0.0555848 0.090294 0.026458 0.101897 0.0355375 -0.00554232 -0.0575946 -0.0686483 -0.0136224 -0.0349699 -0.0300726 -0.017518 0.00953835 -0.00118786 -0.0139279 0.015561 
-0.00127406 -0.0240393 -0.0394579 -0.0361412 -0.0183265 0.00829952 0.0316199 0.0439413 0.0559004 0.041687 0.0520125 0.0276321 0.00415783 -0.0190182 -0.0292598 -0.0170592 -0.0227773 -0.0223508 -0.0170678 -0.00792184 -0.00579568 -0.00703854 0.00226948 
-0.0063606 -0.0183094 -0.0249638 -0.0241954 -0.016479 -0.00147654 0.0154641 0.0304878 0.0399591 0.0386224 0.0370292 0.0249192 0.0125205 0.000710929 -0.00670255 -0.00885379 -0.0152629 -0.0193556 -0.0189796 -0.0154793 -0.0120052 -0.00924821 -0.00204242 
-0.00691191 -0.0142958 -0.0176822 -0.0173068 -0.013596 -0.00501198 0.00722947 0.0207764 0.0289783 0.0299394 0.0268529 0.020212 0.0139355 0.00835992 0.00372939 -0.00102883 -0.00841536 -0.0149069 -0.017211 -0.0161761 -0.0138259 -0.0104012 -0.00325283 
-0.00440069 -0.00859661 -0.0102357 -0.00999557 -0.00804795 -0.00346962 0.00388944 0.0116234 0.016031 0.0164868 0.0141535 0.0106847 0.00833133 0.0065316 0.00460186 0.00173193 -0.00288036 -0.00766152 -0.0101457 -0.0104251 -0.00939665 -0.007049 -0.00176649 

