
0.0345812 0.182918 -0.459961 0.0808252 -0.0110149 0.327032 -0.11667 0.13362 -0.24624 -0.0808621 0.20676 0.550619 -0.050037 0.227036 
0.0345812 0.182918 0.0647032 0.034481 -0.215868 -0.459961 0.0808252 -0.0110149 0.327032 -0.11667 0.13362 0.0716031 -0.130562 -0.24624 -0.0808621 0.20676 0.550619 -0.050037 0.227036 0.0787237 -0.0617764 0.00942219 
0.011984 -0.000624174 -0.0535119 0.034481 0.0282244 -0.117549 -0.0386375 -0.00607566 0.0395245 -0.00599267 0.027907 0.009586 -0.0148833 -0.0359577 -0.00197152 0.0348392 0.145826 0.0405179 0.0626028 -0.0695883 -0.0617764 0.00942219 
-0.0028697 -0.00797769 -0.018312 -0.0029931 -0.0122138 -0.0565487 -0.0398302 -0.0225371 -0.00479048 0.000154338 0.00790056 0.0147332 0.0101195 0.00802584 0.0209132 0.0377814 0.0590055 0.0372261 0.015337 -0.0195958 -0.0363716 -0.0135808 
-0.00754291 -0.0129632 -0.0194247 -0.0200815 -0.026442 -0.0372148 -0.033161 -0.0232443 -0.0114372 -0.00290779 0.00279547 0.0117065 0.0136995 0.0168451 0.0257364 0.0360313 0.0424512 0.033694 0.0180541 0.000456309 -0.0125877 -0.00940551 
-0.00657596 -0.0116013 -0.0158037 -0.0178007 -0.0189293 -0.0196309 -0.0151022 -0.00830096 -0.00191093 0.00201121 0.00369238 0.00500444 0.00420154 0.00416553 0.0068633 0.0112856 0.0143503 0.0119127 0.00588641 -0.00115027 -0.00613599 -0.00497238 
-0.00435417 -0.00619503 -0.00631804 -0.00459425 -0.000668059 0.00451775 0.0102777 0.0131003 0.0126644 0.00978533 0.00543655 0.00015671 -0.00612168 -0.0122538 -0.0166617 -0.0182322 -0.0169029 -0.0146627 -0.0128183 -0.011219 -0.00870551 -0.00442626 
-0.00254528 -0.00067217 0.00358464 0.00965966 0.0171023 0.0240409 0.0274586 0.0255867 0.0200005 0.0129287 0.00608821 -0.000669796 -0.00897181 -0.0184606 -0.0273732 -0.0335578 -0.0351153 -0.0318985 -0.0259421 -0.0186876 -0.0107242 -0.00319289 

