
1.49803e-14 -8.61232e-14 -1.4529e-13 -7.41657e-14 -4.84064e-14 -1.94151e-14 -1.01677e-14 -1.26508e-15 1.51203e-14 6.40558e-14 2.93502e-14 -3.34701e-14 -4.03153e-14 -4.87541e-14 1.30121e-14 1.22074e-15 1.18018e-15 1.81591e-14 -3.14079e-15 1.90462e-15 1.71487e-14 1.19796e-14 
1.49803e-14 -8.61232e-14 -4.71763e-14 -1.4529e-13 -7.41657e-14 -4.84064e-14 -1.94151e-14 -1.01677e-14 -1.26508e-15 1.51203e-14 6.40558e-14 2.93502e-14 -3.34701e-14 -4.03153e-14 -4.87541e-14 1.30121e-14 1.22074e-15 1.18018e-15 1.81591e-14 -3.14079e-15 1.90462e-15 1.71487e-14 1.19796e-14 
-9.98104e-15 1.32159e-14 8.98842e-14 -3.27666e-14 -3.64819e-14 -3.3243e-14 -1.54863e-14 -6.36793e-15 6.11742e-15 1.36948e-14 1.73192e-14 1.81856e-14 -1.02147e-14 -2.03162e-14 -2.41338e-14 -3.18506e-15 5.8894e-15 4.08586e-15 -9.06581e-16 1.70885e-15 6.00716e-15 3.88182e-15 1.30956e-14 
4.78844e-15 5.22924e-15 2.42985e-14 -9.3841e-15 -2.04298e-14 -2.28864e-14 -1.40821e-14 -3.71179e-15 7.57777e-15 1.38798e-14 1.49353e-14 1.4732e-14 4.87317e-15 -1.84345e-15 -3.57651e-15 1.50024e-15 1.99813e-15 -1.42306e-15 -5.86069e-15 -5.58176e-15 -3.4424e-15 -4.43692e-15 2.84525e-15 
2.04487e-15 -1.03999e-15 1.17179e-15 -9.5224e-15 -1.59264e-14 -1.67027e-14 -8.94876e-15 2.02856e-15 1.1799e-14 1.63844e-14 1.69045e-14 1.70935e-14 1.48762e-14 1.14358e-14 8.04938e-15 5.59759e-15 9.70969e-16 -4.93227e-15 -9.93569e-15 -1.1605e-14 -1.13207e-14 -1.21205e-14 -6.3025e-15 
-3.07193e-15 -6.41145e-15 -7.86466e-15 -1.1911e-14 -1.41606e-14 -1.20272e-14 -3.42461e-15 6.53982e-15 1.42815e-14 1.77306e-14 1.76503e-14 1.83006e-14 1.91455e-14 1.75269e-14 1.35875e-14 8.24174e-15 1.09421e-15 -6.54345e-15 -1.17958e-14 -1.43009e-14 -1.51539e-14 -1.6118e-14 -1.13151e-14 
-5.27598e-15 -8.38091e-15 -9.7867e-15 -1.11068e-14 -1.0856e-14 -7.39279e-15 -1.51849e-16 7.64028e-15 1.31443e-14 1.51592e-14 1.45025e-14 1.51332e-14 1.7083e-14 1.65961e-14 1.3466e-14 8.06979e-15 1.25052e-15 -5.38467e-15 -1.01423e-14 -1.28972e-14 -1.42808e-14 -1.49737e-14 -1.14162e-14 
-3.66118e-15 -5.92654e-15 -6.64802e-15 -6.79767e-15 -5.91209e-15 -3.24624e-15 1.43207e-15 5.76563e-15 8.10205e-15 8.31601e-15 7.3265e-15 7.69279e-15 9.42101e-15 9.89562e-15 8.74208e-15 5.7929e-15 1.45102e-15 -2.91941e-15 -5.95286e-15 -7.84736e-15 -8.89608e-15 -9.16216e-15 -6.97103e-15 

