
-0.299449 -0.147741 -0.608721 -0.257295 -0.057533 0.249023 -0.207425 -0.197938 -0.300125 -0.228893 -0.150127 
-0.299449 -0.147741 -0.0395686 -0.191623 -0.608721 -0.257295 -0.057533 0.249023 -0.207425 -0.208576 0.0450114 0.0987797 -0.0459797 0.0856484 0.111401 0.0860213 -0.13326 -0.197938 -0.300125 -0.228893 -0.0883256 -0.0418174 -0.150127 
-0.145862 -0.0387259 0.0686038 0.225475 -0.0701777 -0.0443591 -0.0905106 0.0264238 0.00977873 -0.209726 0.0450114 0.0987797 -0.0459797 0.0856484 0.111401 0.0860213 -0.0685814 -0.0809022 -0.0709301 -0.0202736 0.0522414 0.0664918 0.0101559 
-0.0522754 -0.0166215 0.0377383 0.0676113 -0.0364269 -0.0318811 -0.0319921 0.00434681 -0.00968555 -0.0752038 -0.00235919 0.0171033 0.00442422 0.0557466 0.0515465 0.0399274 -0.0182844 -0.0222138 -0.0277648 -0.0104802 0.0265542 0.0255435 0.00466006 
-0.0167883 -0.00754611 0.0132936 0.0160926 -0.025547 -0.020675 -0.0167685 -0.00400501 -0.0091841 -0.0290216 -0.0034585 0.00732234 0.0166907 0.0347992 0.0325379 0.023845 -2.83762e-05 -0.00992002 -0.0142966 -0.00745175 0.00567323 0.00965488 0.00477883 
-0.00607099 -0.00538286 0.000238678 -0.00235032 -0.0179703 -0.0181532 -0.0136979 -0.00470512 -0.00234587 -0.00569834 0.00317579 0.0105896 0.0186727 0.0265553 0.0256844 0.0182514 0.00361178 -0.00732272 -0.0124545 -0.0102189 -0.00408845 -4.83974e-05 0.00372419 
-0.00329338 -0.00569917 -0.0051198 -0.00749164 -0.013796 -0.0145816 -0.0101872 -0.00197035 0.00286744 0.00409919 0.0072953 0.0112111 0.0161679 0.0203464 0.0200611 0.0143704 0.00385777 -0.00598261 -0.0110776 -0.0109192 -0.00782675 -0.0041347 0.00179904 
-0.00194009 -0.00430819 -0.00483755 -0.00598465 -0.00803363 -0.0079081 -0.00452586 0.000410555 0.00344747 0.00454196 0.00530313 0.00657856 0.00904642 0.0112263 0.0112684 0.00835223 0.00282306 -0.00301818 -0.00652548 -0.00717806 -0.0059989 -0.0036625 0.000917057 

