
6.43398e-05 -0.000369896 -0.000624015 -0.000318539 -0.000207904 -8.33872e-05 -4.36699e-05 -5.43349e-06 6.49412e-05 0.000275117 0.000126058 -0.000143753 -0.000173153 -0.000209397 5.58864e-05 5.24303e-06 5.06885e-06 7.79926e-05 -1.34896e-05 8.1803e-06 7.36532e-05 5.14518e-05 
6.43398e-05 -0.000369896 -0.000202621 -0.000624015 -0.000318539 -0.000207904 -8.33872e-05 -4.36699e-05 -5.43349e-06 6.49412e-05 0.000275117 0.000126058 -0.000143753 -0.000173153 -0.000209397 5.58864e-05 5.24302e-06 5.06885e-06 7.79926e-05 -1.34896e-05 8.1803e-06 7.36532e-05 5.14518e-05 
-4.28682e-05 5.67617e-05 0.000386049 -0.000140731 -0.000156689 -0.000142778 -6.65131e-05 -2.73501e-05 2.62741e-05 5.88186e-05 7.43855e-05 7.81066e-05 -4.38719e-05 -8.72572e-05 -0.000103654 -1.36797e-05 2.52948e-05 1.75486e-05 -3.89374e-06 7.33945e-06 2.58006e-05 1.66723e-05 5.62451e-05 
2.05662e-05 2.24594e-05 0.000104361 -4.03044e-05 -8.77454e-05 -9.82965e-05 -6.04822e-05 -1.5942e-05 3.25463e-05 5.96131e-05 6.41468e-05 6.32734e-05 2.09301e-05 -7.91754e-06 -1.5361e-05 6.44347e-06 8.58191e-06 -6.11199e-06 -2.51715e-05 -2.39735e-05 -1.4785e-05 -1.90564e-05 1.22203e-05 
8.78264e-06 -4.46673e-06 5.03282e-06 -4.08984e-05 -6.84032e-05 -7.17375e-05 -3.84346e-05 8.71261e-06 5.06761e-05 7.03704e-05 7.26044e-05 7.34161e-05 6.3893e-05 4.91164e-05 3.45718e-05 2.40415e-05 4.17028e-06 -2.11839e-05 -4.26735e-05 -4.98429e-05 -4.86218e-05 -5.20571e-05 -2.7069e-05 
-1.31938e-05 -2.75369e-05 -3.37785e-05 -5.11575e-05 -6.08195e-05 -5.16566e-05 -1.47086e-05 2.80883e-05 6.13385e-05 7.61525e-05 7.58074e-05 7.86006e-05 8.22292e-05 7.52775e-05 5.83577e-05 3.5398e-05 4.69958e-06 -2.81039e-05 -5.06626e-05 -6.14221e-05 -6.50856e-05 -6.92262e-05 -4.85978e-05 
-2.26602e-05 -3.59957e-05 -4.20336e-05 -4.77033e-05 -4.66261e-05 -3.17518e-05 -6.52187e-07 3.28148e-05 5.64542e-05 6.51082e-05 6.22879e-05 6.49966e-05 7.3371e-05 7.12798e-05 5.78361e-05 3.46595e-05 5.37094e-06 -2.3127e-05 -4.35608e-05 -5.5393e-05 -6.13356e-05 -6.43116e-05 -4.9032e-05 
-1.57247e-05 -2.54543e-05 -2.8553e-05 -2.91958e-05 -2.53923e-05 -1.39425e-05 6.1507e-06 2.47632e-05 3.4798e-05 3.5717e-05 3.14671e-05 3.30403e-05 4.04629e-05 4.25014e-05 3.75469e-05 2.48803e-05 6.23207e-06 -1.25388e-05 -2.55673e-05 -3.37042e-05 -3.82084e-05 -3.93512e-05 -2.99404e-05 

